<?xml version="1.0"?>
<!DOCTYPE Section SYSTEM "section.dtd">

<Section index="39" thickness="0.05" alignLocked="true">
<Transform dim="0"
 xcoef=" 0 1 0 0 0 0"
 ycoef=" 0 0 1 0 0 0">
<Image mag="0.00254" contrast="1" brightness="0" red="true" green="true" blue="true"
 src="..\images\FWNGV.39.jpg" />
<Contour name="domain1" type="line" hidden="false" closed="true" simplified="false" border="1 0 1" fill="1 0 1" mode="11"
 points="0 0,
	4095 0,
	4095 4095,
	0 4095,
	"/>
</Transform>

<Transform dim="0"
 xcoef=" 0 1 0 0 0 0"
 ycoef=" 0 0 1 0 0 0">
<Contour name="bob001" type="line" hidden="false" closed="true" simplified="true" border="0 0.5 0" fill="0 0.5 0" mode="13"
 points="7.35983 6.89215,
	7.38445 6.79369,
	7.39676 6.74446,
	7.53214 6.54754,
	7.61829 6.44908,
	7.71675 6.44908,
	7.76598 6.43678,
	7.79059 6.42447,
	7.83982 6.46139,
	7.87674 6.55985,
	7.9629 6.59677,
	8.06136 6.59677,
	8.11059 6.57216,
	8.2952 6.38755,
	8.39366 6.35063,
	8.49212 6.38755,
	8.52904 6.42447,
	8.50442 6.52293,
	8.59057 6.58447,
	8.61519 6.60908,
	8.56596 6.65831,
	8.51673 6.67062,
	8.43058 6.74446,
	8.38135 6.74446,
	8.35673 6.74446,
	8.27058 6.83061,
	8.22135 6.87984,
	8.17212 6.90446,
	8.07366 6.91677,
	8.01213 7.01523,
	7.98751 7.03984,
	7.95059 7.02753,
	7.87674 7.11368,
	7.83982 7.16291,
	7.79059 7.18753,
	7.70444 7.27368,
	7.67983 7.24907,
	7.69213 7.15061,
	7.69213 7.10138,
	7.66752 7.05215,
	7.4706 7.03984,
	7.42137 7.05215,
	7.37214 7.03984,
	7.35983 6.94138,
	7.35983 6.90446,
	"/>
<Contour name="Bobs_Dark_Blob" type="line" hidden="false" closed="true" simplified="true" border="1 0 1" fill="1 0 1" mode="13"
 points="4.94545 0.830006,
	5.01462 0.691672,
	5.08379 0.622505,
	5.36046 0.570629,
	5.49879 0.587921,
	5.55067 0.657088,
	5.56796 0.795423,
	5.49879 1.07209,
	5.51608 1.14126,
	5.56796 1.19313,
	6.1213 1.2623,
	6.25963 1.33147,
	6.34609 1.4698,
	6.36338 1.60814,
	6.46713 1.88481,
	6.48442 2.02314,
	6.46713 2.16147,
	6.46713 2.23064,
	6.41526 2.29981,
	6.38067 2.33439,
	6.31151 2.33439,
	6.17317 2.24793,
	5.94838 1.98856,
	5.86192 1.85022,
	5.74088 1.72918,
	5.67171 1.6773,
	5.53337 1.66001,
	5.39504 1.60814,
	5.32587 1.57355,
	5.18754 1.45251,
	5.0492 1.17584,
	4.96275 1.03751,
	4.94545 0.899173,
	4.94545 0.847298,
	"/>
</Transform>

<Transform dim="0"
 xcoef=" 0 1 0 0 0 0"
 ycoef=" 0 0 1 0 0 0">
<Contour name="d01" hidden="false" closed="true" simplified="false" border="1.0 1.0 0.0" fill="1.0 1.0 0.0" mode="13"
 points="  5.037972556172523 5.174019072457351,
  5.064898429187228 5.185356282147753,
  5.094658604624534 5.193859189415555,
  5.131504536118342 5.199527794260756,
  5.162681862766949 5.203779247894657,
  5.196693491838156 5.213699306373759,
  5.22078506243026 5.21795076000766,
  5.274636808459671 5.22078506243026,
  5.307231286319578 5.215116457585059,
  5.331322856911683 5.223619364852861,
  5.3511629738698865 5.222202213641561,
  5.375254544461992 5.223619364852861,
  5.400763266265397 5.232122272120662,
  5.4291062904914025 5.250545237867566,
  5.450363558660907 5.280305413304872,
  5.477289431675612 5.2958940766291756,
  5.504215304690318 5.308648437530878,
  5.531141177705023 5.31715134479868,
  5.555232748297128 5.322819949643881,
  5.5849929237344345 5.336991461756884,
  5.610501645537839 5.3511629738698865,
  5.626090308862143 5.372420242039391,
  5.640261820975145 5.390843207786295,
  5.658684786722049 5.393677510208896,
  5.670021996412451 5.379505998095892,
  5.682776357314154 5.36391733477159,
  5.696947869427157 5.342660066602085,
  5.7111193815401595 5.31715134479868,
  5.70828507911756 5.301562681474377,
  5.702616474272358 5.2845568669387735,
  5.677107752468953 5.273219657248371,
  5.647347577031647 5.259048145135368,
  5.617587401594341 5.240625179388465,
  5.593495831002236 5.21795076000766,
  5.576490016466632 5.199527794260756,
  5.570821411621432 5.175436223668651,
  5.556649899508429 5.152761804287847,
  5.546729841029326 5.135755989752243,
  5.543895538606726 5.115915872794039,
  5.533975480127624 5.081904243722832,
  5.519803968014621 5.059229824342028,
  5.51130106074682 5.033721102538622,
  5.495712397422516 5.006795229523917,
  5.480123734098213 4.988372263777013,
  5.46595222198521 4.967114995607509,
  5.437609197759205 4.950109181071905,
  5.4149347783784 4.931686215325001,
  5.407849022321899 4.9132632495780975,
  5.397928963842796 4.889171678985993,
  5.3738373932506915 4.865080108393888,
  5.346911520235986 4.848074293858285,
  5.312899891164779 4.843822840224384,
  5.2958940766291756 4.838154235379182,
  5.276053959670971 4.8282341769000805,
  5.254796691501467 4.819731269632279,
  5.223619364852861 4.832485630533982,
  5.209447852739858 4.843822840224384,
  5.193859189415555 4.842405689013083,
  5.181104828513853 4.836737084167883,
  5.155596106710447 4.8282341769000805,
  5.12441878006184 4.82256557205488,
  5.104578663103637 4.839571386590483,
  5.097492907047135 4.856577201126086,
  5.081904243722832 4.855160049914786,
  5.0620641267646285 4.849491445069585,
  5.046475463440325 4.852325747492186,
  5.033721102538622 4.8764173180842905,
  5.0209667416369195 4.897674586253795,
  5.002543775890016 4.900508888676395,
  4.986955112565713 4.907594644732897,
  4.96994929803011 4.917514703211999,
  4.945857727438004 4.955777785917107,
  4.9217661568459 4.988372263777013,
  4.914680400789398 5.0209667416369195,
  4.900508888676395 5.0620641267646285,
  4.886337376563392 5.105995814314937,
  4.899091737465095 5.132921687329643,
  4.907594644732897 5.157013257921747,
  4.911846098366798 5.186773433359053,
  4.9217661568459 5.199527794260756,
  4.937354820170203 5.202362096683356,
  4.951526332283206 5.193859189415555,
  4.968532146818809 5.178270526091252,
  4.989789414988313 5.16835046761215,
  5.008212380735217 5.162681862766949,
  5.026635346482121 5.16693331640085,
  "/>
</Transform>

</Section>