<?xml version="1.0"?>
<!DOCTYPE Section SYSTEM "section.dtd">

<Section index="46" thickness="0.05" alignLocked="true">
<Transform dim="0"
 xcoef=" 0 1 0 0 0 0"
 ycoef=" 0 0 1 0 0 0">
<Image mag="0.00254" contrast="1" brightness="0" red="true" green="true" blue="true"
 src="..\images\FWNGV.46.jpg" />
<Contour name="domain1" type="line" hidden="false" closed="true" simplified="false" border="1 0 1" fill="1 0 1" mode="11"
 points="0 0,
	4095 0,
	4095 4095,
	0 4095,
	"/>
</Transform>

<Transform dim="0"
 xcoef=" 0 1 0 0 0 0"
 ycoef=" 0 0 1 0 0 0">
<Contour name="bob001" type="line" hidden="false" closed="true" simplified="false" border="0.0 0.5 0.0" fill="0.0 0.5 0.0" mode="13"
 points="7.424782230897123 6.527616502512403,
	7.454215371439514 6.546148479890945,
	7.473837465134442 6.567950806218642,
	7.505450838309602 6.5984740630774175,
	7.523982815688144 6.609375226241266,
	7.5501456072813795 6.61264557519042,
	7.5730380499254615 6.617006040455959,
	7.597020608885928 6.6257269709870386,
	7.6188229352136245 6.637718250467271,
	7.6373549125921665 6.6420787157328105,
	7.656977006287094 6.643168832049196,
	7.67877933261479 6.634447901518117,
	7.696221193676948 6.632267668885348,
	7.715843287371875 6.634447901518117,
	7.733285148434033 6.637718250467271,
	7.746366544230651 6.638808366783656,
	7.768168870558347 6.637718250467271,
	7.767078754241963 6.630087436252578,
	7.757267707394499 6.61482580782319,
	7.758357823710884 6.602834528342957,
	7.765988637925577 6.593023481495493,
	7.7910613132024285 6.585392667280799,
	7.812863639530126 6.590843248862724,
	7.837936314806977 6.583212434648029,
	7.8575584085019035 6.569040922535026,
	7.871729920614906 6.541788014625406,
	7.879360734829601 6.522165920930479,
	7.892442130626218 6.506904292501091,
	7.902253177473682 6.482921733540625,
	7.9240555038013785 6.453488592998234,
	7.967660156456772 6.44367754615077,
	8.019985739643245 6.441497313518001,
	8.047238647552865 6.446947895099925,
	8.074491555462487 6.455668825631004,
	8.091933416524643 6.449128127732695,
	8.10719504495403 6.434956615619692,
	8.131177603914498 6.4447676624671555,
	8.14316888339473 6.458939174580158,
	8.167151442355198 6.44803801141631,
	8.199854931846742 6.4262356850886135,
	8.220567141858055 6.402253126128147,
	8.25109039871683 6.400072893495377,
	8.279433422942835 6.403343242444532,
	8.319767726649074 6.402253126128147,
	8.364462495620852 6.393532195597068,
	8.400436334061553 6.371729869269371,
	8.411337497225402 6.3346659145122866,
	8.409157264592631 6.2888810292241235,
	8.397165985112398 6.263808353947272,
	8.394985752479629 6.244186260252345,
	8.408067148276247 6.223474050241033,
	8.42005842775648 6.196221142331413,
	8.42005842775648 6.17768916495287,
	8.408067148276247 6.168968234421792,
	8.390625287214089 6.172238583370946,
	8.369913077202778 6.189680444433104,
	8.351381099824234 6.223474050241033,
	8.312136912434381 6.2430961439359605,
	8.290334586106685 6.258357772365348,
	8.264171794513448 6.275799633427505,
	8.240189235552982 6.274709517111121,
	8.206395629745051 6.286700796591354,
	8.174782256569891 6.289971145540508,
	8.135538069180038 6.289971145540508,
	8.088663067575489 6.296511843438817,
	8.066860741247792 6.295421727122433,
	8.033067135439863 6.298692076071587,
	8.004724111213857 6.2888810292241235,
	7.979651435937005 6.273619400794736,
	7.956758993292924 6.260538004998118,
	7.920785154852225 6.24963684183427,
	7.889171781677064 6.230014748139342,
	7.863008990083828 6.215843236026339,
	7.823764802693974 6.206032189178876,
	7.789971196886044 6.197311258647797,
	7.771439219507502 6.186410095483949,
	7.763808405292808 6.171148467054561,
	7.7539973584453445 6.15043625704325,
	7.733285148434033 6.15043625704325,
	7.692950844727793 6.1537066059924035,
	7.659157238919864 6.164607769156253,
	7.625363633111934 6.184229862851179,
	7.593750259936773 6.196221142331413,
	7.567587468343537 6.2038519565461065,
	7.531613629902838 6.215843236026339,
	7.502180489360447 6.238735678670421,
	7.474927581450826 6.267078702896427,
	7.474927581450826 6.277979866060275,
	7.433503161428202 6.294331610806048,
	7.41061071878412 6.3095932392354355,
	7.388808392456424 6.327035100297593,
	7.368096182445112 6.34229672872698,
	7.348474088750185 6.352107775574444,
	7.319040948207794 6.363008938738292,
	7.2863374587162495 6.3760903345349105,
	7.260174667123013 6.388081614015144,
	7.243822922377241 6.394622311913452,
	7.208939200252926 6.408793824026456,
	7.187136873925229 6.406613591393686,
	7.162064198648378 6.417514754557534,
	7.155523500750069 6.431686266670537,
	7.165334547597532 6.455668825631004,
	7.181686292343305 6.456758941947388,
	7.21438978183485 6.456758941947388,
	7.243822922377241 6.456758941947388,
	7.2656252487049375 6.460029290896543,
	7.289607807665404 6.482921733540625,
	7.311410133993101 6.500363594602782,
	7.369186298761497 6.519985688297709,
	7.402979904569427 6.521075804614094,
	"/>
</Transform>

<Transform dim="0"
 xcoef=" 0 1 0 0 0 0"
 ycoef=" 0 0 1 0 0 0">
<Contour name="Bobs_Dark_Blob" hidden="false" closed="true" simplified="false" border="1.0 0.0 1.0" fill="1.0 0.0 1.0" mode="13"
 points="  5.434222206364197 1.7579193915695552,
  5.496491830588732 1.79144918922892,
  5.594686238019729 1.8537188134534546,
  5.6833007032623355 1.9040135099425017,
  5.7168305009217 1.9279633654134767,
  5.757545255222357 1.9830480329967188,
  5.79347003842882 2.0357377150328637,
  5.836579778276575 2.0620825560509357,
  5.908429344689499 2.064477541598033,
  5.968303983366937 2.0501076283154487,
  6.016203694308886 1.9998129318264013,
  6.047338506421154 1.9351483220547692,
  6.056918448609544 1.880063654471527,
  6.056918448609544 1.8153990446998949,
  6.054523463062446 1.7363645216456778,
  6.025783636497276 1.6716999118740457,
  6.001833781026301 1.5830854466314386,
  5.992253838837911 1.5280007790481964,
  5.946749113443059 1.4250164005230046,
  5.886874474765622 1.3603517907513725,
  5.786285081787527 1.3220320219978126,
  5.685695688809433 1.310057094262325,
  5.573131368095852 1.32442700754491,
  5.486911888400342 1.310057094262325,
  5.41266733644032 1.2980821665268376,
  5.333632813386102 1.259762397773278,
  5.27854814580286 1.2190476434726207,
  5.23064843486091 1.1783328891719633,
  5.194723651654448 1.1448030915125986,
  5.163588839542181 1.0609785973641865,
  5.182748723918961 0.9987089731396519,
  5.209093564937033 0.9268594067267273,
  5.24980831923769 0.8238750282015354,
  5.235438405955105 0.7400505340531234,
  5.189933680560253 0.6586210254518088,
  5.098924229770549 0.6011413723214691,
  5.029469648904722 0.5795865023975918,
  4.948040140303407 0.5867714590388842,
  4.861820660607898 0.6131163000569566,
  4.785181123100778 0.6801758953756862,
  4.727701469970438 0.792740216089268,
  4.720516513329146 0.9484142766506046,
  4.775601180912388 1.0466086840816016,
  4.823500891854338 1.1903078169074508,
  4.91690532819114 1.31484706535652,
  5.005519793433747 1.4250164005230046,
  5.1372439985241085 1.525605793501099,
  5.276153160255763 1.628590172026291,
  5.362372639951272 1.6980447528921179,
  "/>
</Transform>

</Section>