<?xml version="1.0"?>
<!DOCTYPE Section SYSTEM "section.dtd">

<Section index="20" thickness="0.05" alignLocked="true">
<Transform dim="0"
 xcoef=" 0 1 0 0 0 0"
 ycoef=" 0 0 1 0 0 0">
<Image mag="0.00254" contrast="1" brightness="0" red="true" green="true" blue="true"
 src="..\images\FWNGV.20.jpg" />
<Contour name="domain1" type="line" hidden="false" closed="true" simplified="false" border="1 0 1" fill="1 0 1" mode="11"
 points="0 0,
	4095 0,
	4095 4095,
	0 4095,
	"/>
</Transform>

<Transform dim="0"
 xcoef=" 0 1 0 0 0 0"
 ycoef=" 0 0 1 0 0 0">
<Contour name="Bobs_Dark_Blob" type="line" hidden="false" closed="true" simplified="true" border="1 0 1" fill="1 0 1" mode="13"
 points="6.22186 3.70919,
	6.23041 3.675,
	6.28169 3.60663,
	6.41843 3.49552,
	6.4868 3.44424,
	6.55517 3.3075,
	6.64064 3.03401,
	6.64064 3.01692,
	6.67483 2.99128,
	6.7432 2.98273,
	6.77738 2.99983,
	6.84576 3.0682,
	6.89704 3.13657,
	6.93122 3.20494,
	6.96541 3.34169,
	6.9825 3.47843,
	6.97395 3.5468,
	6.84576 3.675,
	6.77738 3.73483,
	6.7432 3.76047,
	6.46971 3.83738,
	6.43552 3.85448,
	6.36715 3.85448,
	6.29878 3.83738,
	6.23895 3.7861,
	6.22186 3.71773,
	"/>
</Transform>

<Transform dim="0"
 xcoef=" 0 1 0 0 0 0"
 ycoef=" 0 0 1 0 0 0">
<Contour name="d01" hidden="false" closed="true" simplified="false" border="1.0 1.0 0.0" fill="1.0 1.0 0.0" mode="13"
 points="  5.204886135231294 5.389367358004113,
  5.225849910546387 5.394398664079735,
  5.251844991937102 5.408654031293998,
  5.271970216239591 5.435487663697317,
  5.287902685479062 5.460644194075429,
  5.300480950668118 5.4765766633149,
  5.313897766869777 5.483285071415729,
  5.32563748104623 5.480769418377918,
  5.335700093197474 5.467352602176258,
  5.339054297247889 5.453935785974599,
  5.342408501298304 5.440518969772939,
  5.345762705348719 5.424586500533469,
  5.342408501298304 5.412846786357017,
  5.344085603323512 5.396075766104942,
  5.349116909399133 5.379304745852868,
  5.3684035826890195 5.359179521550378,
  5.380143296865471 5.344924154336115,
  5.381820398890679 5.328991685096645,
  5.381820398890679 5.3122206648445705,
  5.38433605192849 5.290418338516873,
  5.390205909016716 5.2728087672521955,
  5.394398664079735 5.255199195987517,
  5.396914317117546 5.236751073710235,
  5.39775286813015 5.215787298395142,
  5.401945623193168 5.198177727130464,
  5.408654031293998 5.179729604853182,
  5.4120082353444126 5.157088727512882,
  5.4120082353444126 5.141994809286015,
  5.406138378256187 5.121869584983526,
  5.396075766104942 5.098390156630622,
  5.388528806991508 5.082457687391151,
  5.3809818478780755 5.071556524227303,
  5.375111990789849 5.05981681005085,
  5.374273439777245 5.048915646887002,
  5.380143296865471 5.040530136760965,
  5.393560113067131 5.0380144837231535,
  5.40697692926879 5.035498830685342,
  5.417878092432638 5.0296289735971165,
  5.422909398508261 5.019566361445872,
  5.425425051546072 5.005310994231608,
  5.427940704583883 4.984347218916516,
  5.42710215357128 4.9650605456266295,
  5.42710215357128 4.953320831450178,
  5.429617806609091 4.940742566261122,
  5.437164765722525 4.923971546009048,
  5.453097234961995 4.910554729807388,
  5.466514051163655 4.89965356664354,
  5.468191153188862 4.889590954492295,
  5.464836949138447 4.882882546391465,
  5.457289990025013 4.87952834234105,
  5.442196071798147 4.8820439953788615,
  5.42710215357128 4.887075301454484,
  5.41368533736962 4.89294515854271,
  5.4078154802813945 4.89294515854271,
  5.4036227252183755 4.889590954492295,
  5.404461276230979 4.87952834234105,
  5.406138378256187 4.865272975126787,
  5.40697692926879 4.839277893736072,
  5.40697692926879 4.814959914370564,
  5.406138378256187 4.795673241080678,
  5.401945623193168 4.778902220828604,
  5.392721562054527 4.768001057664756,
  5.367565031676415 4.7554227924756995,
  5.3432470523109075 4.751230037412681,
  5.3164134199075885 4.751230037412681,
  5.297965297630307 4.77135526171517,
  5.280355726365628 4.788126281967244,
  5.261069053075743 4.809090057282337,
  5.242620930798461 4.823345424496601,
  5.221657155483368 4.8342465876604495,
  5.203209033206086 4.844309199811694,
  5.18811511497922 4.864434424114183,
  5.1688284416893335 4.8820439953788615,
  5.151218870424656 4.89965356664354,
  5.136963503210392 4.907200525756973,
  5.128577993084355 4.918101688920822,
  5.124385238021337 4.931518505122481,
  5.115161176882696 4.945773872336744,
  5.10258291169364 4.9650605456266295,
  5.095035952580206 4.982670116891308,
  5.078264932328132 4.992732729042553,
  5.0606553610634535 4.997764035118175,
  5.0505927489122096 5.013696504357646,
  5.047238544861794 5.040530136760965,
  5.045561442836587 5.086650442454169,
  5.036337381697946 5.116838278907903,
  5.022082014483683 5.149541768399448,
  5.006988096256816 5.178052502827975,
  4.995248382080364 5.199854829155671,
  4.988539973979534 5.213271645357331,
  4.9818315658787045 5.227527012571595,
  4.970091851702252 5.239266726748046,
  4.968414749677045 5.251844991937102,
  4.974284606765271 5.265261808138762,
  4.9860243209417225 5.279517175353025,
  4.99440983106776 5.302158052693326,
  5.004472443219004 5.313059215857174,
  5.017889259420664 5.329830236109248,
  5.026274769546701 5.354148215474756,
  5.031306075622323 5.362533725600794,
  5.051431299924813 5.372596337752038,
  5.074910728277717 5.380143296865471,
  5.10258291169364 5.385174602941094,
  5.131093646122166 5.386851704966301,
  5.1612814825759 5.389367358004113,
  "/>
</Transform>

</Section>