<?xml version="1.0"?>
<!DOCTYPE Section SYSTEM "section.dtd">

<Section index="34" thickness="0.05" alignLocked="true">
<Transform dim="0"
 xcoef=" 0 1 0 0 0 0"
 ycoef=" 0 0 1 0 0 0">
<Image mag="0.00254" contrast="1" brightness="0" red="true" green="true" blue="true"
 src="..\images\FWNGV.34.jpg" />
<Contour name="domain1" type="line" hidden="false" closed="true" simplified="false" border="1 0 1" fill="1 0 1" mode="11"
 points="0 0,
	4095 0,
	4095 4095,
	0 4095,
	"/>
</Transform>

<Transform dim="0"
 xcoef=" 0 1 0 0 0 0"
 ycoef=" 0 0 1 0 0 0">
<Contour name="Bobs_Dark_Blob" type="line" hidden="false" closed="true" simplified="true" border="1 0 1" fill="1 0 1" mode="13"
 points="5.36795 0.963479,
	5.38762 0.884827,
	5.52526 0.747188,
	5.68256 0.727525,
	5.83986 0.786513,
	6.15447 1.04213,
	6.29211 1.19943,
	6.46907 1.51404,
	6.48873 1.67134,
	6.58705 1.98595,
	6.58705 2.14325,
	6.56739 2.16291,
	6.70503 2.30055,
	6.76401 2.3792,
	6.78368 2.53651,
	6.78368 2.61516,
	6.72469 2.69381,
	6.64604 2.73313,
	6.56739 2.71347,
	6.41008 2.57583,
	6.25278 2.47752,
	6.15447 2.32021,
	6.11514 2.16291,
	6.1348 2.00561,
	6.1348 1.92696,
	6.1348 1.88763,
	5.9775 1.78932,
	5.70222 1.49438,
	5.54492 1.35674,
	5.42694 1.19943,
	5.36795 1.04213,
	5.36795 0.983142,
	"/>
</Transform>

<Transform dim="0"
 xcoef=" 0 1 0 0 0 0"
 ycoef=" 0 0 1 0 0 0">
<Contour name="d01" type="line" hidden="false" closed="true" simplified="false" border="1 1 0" fill="1 1 0" mode="13"
 points="5.10316 5.45136,
	5.08474 5.45688,
	5.06632 5.45136,
	5.05895 5.42925,
	5.06447 5.38872,
	5.05158 5.33713,
	5.02947 5.30029,
	5.01473 5.25976,
	5.01473 5.20265,
	5.00368 5.16027,
	5.01289 5.13448,
	5.03131 5.08474,
	5.05895 5.05158,
	5.07921 5.00368,
	5.10132 4.96315,
	5.12711 4.91156,
	5.15843 4.87103,
	5.17133 4.84156,
	5.19528 4.82129,
	5.21738 4.82313,
	5.24318 4.83787,
	5.26713 4.8434,
	5.28923 4.83603,
	5.31318 4.83787,
	5.34082 4.85445,
	5.3574 4.86735,
	5.36108 4.88761,
	5.36845 4.90604,
	5.38688 4.91893,
	5.41451 4.95209,
	5.44214 5.00552,
	5.4532 5.04052,
	5.46425 5.06632,
	5.49741 5.09579,
	5.52689 5.1179,
	5.55637 5.13264,
	5.58953 5.15475,
	5.62085 5.17501,
	5.6448 5.2008,
	5.65769 5.22844,
	5.66506 5.25791,
	5.67796 5.29476,
	5.67427 5.33345,
	5.66138 5.35371,
	5.63006 5.36477,
	5.5969 5.36661,
	5.56374 5.35187,
	5.53794 5.32608,
	5.50847 5.30029,
	5.48083 5.28555,
	5.46425 5.28371,
	5.44399 5.30213,
	5.42372 5.32424,
	5.40161 5.32239,
	5.38319 5.32055,
	5.3574 5.33345,
	5.32608 5.33898,
	5.2966 5.34082,
	5.27634 5.34819,
	5.24686 5.36108,
	5.22291 5.36845,
	5.18422 5.36477,
	5.1529 5.36477,
	5.13264 5.37766,
	5.12711 5.40346,
	5.11237 5.43293,
	"/>
</Transform>

<Transform dim="0"
 xcoef=" 0 1 0 0 0 0"
 ycoef=" 0 0 1 0 0 0">
<Contour name="Java2018062016a" type="line" hidden="false" closed="true" simplified="false" border="1.0 0.0 0.0" fill="1.0 0.0 0.0" mode="13"
 points="4.876174138290636 8.788014612086991,
	4.837600791710864 8.773759244872728,
	4.795673241080678 8.739378653355976,
	4.751230037412681 8.693258347662772,
	4.71265669083291 8.648815143994774,
	4.69253146653042 8.59347077716293,
	4.685823058429591 8.548189022482328,
	4.696724221593439 8.433307533755618,
	4.717687996908532 8.354483738570869,
	4.740328874248832 8.3167489430037,
	4.772193812727774 8.295785167688608,
	4.828376730572224 8.285722555537363,
	4.907200525756973 8.279014147436534,
	4.976800259803082 8.279014147436534,
	5.043045789798776 8.28488400452476,
	5.105098564731451 8.294946616676004,
	5.1612814825759 8.313394738953287,
	5.235073971685027 8.369577656797736,
	5.283709930416044 8.401442595276677,
	5.354148215474756 8.464333921221955,
	5.390205909016716 8.499553063751312,
	5.42710215357128 8.53980351235629,
	5.4430346228107505 8.576699756910854,
	5.45645143901241 8.610241797415004,
	5.449743030911581 8.649653695007379,
	5.431294908634299 8.698289653738394,
	5.4036227252183755 8.741894306393787,
	5.359179521550378 8.774597795885333,
	5.310543562819363 8.791368816137407,
	5.256876298012725 8.801431428288652,
	5.2124330943447275 8.813171142465103,
	5.143671911311222 8.819879550565933,
	5.083296238403754 8.820718101578537,
	4.9902170760047415 8.813171142465103,
	4.908039076769577 8.79640012221303,
	"/>
</Transform>

<Transform dim="0"
 xcoef=" 0 1 0 0 0 0"
 ycoef=" 0 0 1 0 0 0">
<Contour name="bob001" type="line" hidden="false" closed="true" simplified="false" border="0.0 0.4666666666666667 0.0" fill="0.0 0.4666666666666667 0.0" mode="13"
 points="7.691588199332313 7.418928306278137,
	7.632634708942221 7.365501705612116,
	7.566312032253368 7.330498070692999,
	7.511043135012656 7.339709553566451,
	7.48156638981761 7.372870891910878,
	7.463143424070706 7.358132519313355,
	7.463143424070706 7.2918098426245015,
	7.48156638981761 7.223644869360958,
	7.498147058989824 7.148110709798653,
	7.450247348047874 7.103895592006084,
	7.426297492576899 7.067049660512276,
	7.441035865174422 7.006253873547494,
	7.404189933680614 6.949142679732092,
	7.38392467135902 6.89203148591669,
	7.42998208572628 6.825708809227837,
	7.485250982966991 6.7538592428149125,
	7.507358541863276 6.69122115927544,
	7.520254617886108 6.628583075735967,
	7.555258252805225 6.595421737391541,
	7.592104184299033 6.608317813414373,
	7.663953750711958 6.584367957943398,
	7.715538054803288 6.575156475069946,
	7.730276427400811 6.599106330540921,
	7.72474953767674 6.6414791517588,
	7.748699393147715 6.69122115927544,
	7.7910722143655935 6.7206979044704855,
	7.853710297905066 6.7501746496655315,
	7.890556229398873 6.79070517430872,
	7.918190678019229 6.847816368124121,
	7.966090388961179 6.875450816744477,
	8.01767469305251 6.904927561939523,
	8.054520624546317 6.923350527686427,
	8.078470480017291 6.923350527686427,
	8.146635453280835 6.879135409893858,
	8.207431240245619 6.833077995526598,
	8.264542434061019 6.84044718182536,
	8.325338221025802 6.875450816744477,
	8.362184152519609 6.895716079066071,
	8.3640264490943 6.934404307134569,
	8.3640264490943 6.956511866030854,
	8.4211376429097 6.9859886112259,
	8.492987209322626 7.026519135869088,
	8.56299447916086 7.044942101615992,
	8.6127364866775 7.054153584489444,
	8.647740121596618 7.055995881064134,
	8.693797535963876 7.054153584489444,
	8.747224136629898 7.028361432443778,
	8.80249303387061 6.995200094099352,
	8.85776193111132 6.995200094099352,
	8.909346235202651 6.98783090780059,
	8.94987675984584 6.991515500949971,
	8.9572459461446 7.026519135869088,
	8.933296090673625 7.08363032968449,
	8.911188531777341 7.129687744051749,
	8.866973413984772 7.138899226925201,
	8.815389109893442 7.137056930350511,
	8.771173992100872 7.13521463377582,
	8.719589688009542 7.153637599522724,
	8.680901459941044 7.157322192672105,
	8.623790266125642 7.113107074879536,
	8.56115218258617 7.105737888580774,
	8.504040988770768 7.107580185155465,
	8.452456684679438 7.100210998856703,
	8.406399270312178 7.068891957086967,
	8.325338221025802 7.041257508466611,
	8.292176882681375 7.032046025593159,
	8.27191162035978 7.052311287914753,
	8.233223392291283 7.081788033109799,
	8.159531529303669 7.118633964603607,
	8.104262632062957 7.151795302948034,
	8.069258997143839 7.164691378970866,
	8.034255362224723 7.164691378970866,
	7.990040244432154 7.18495664129246,
	7.92555986431799 7.23285635223441,
	7.905294601996396 7.2862829529004305,
	7.901610008847015 7.315759698095476,
	7.881344746525421 7.341551850141142,
	7.861079484203827 7.38208237478433,
	7.853710297905066 7.446562754898493,
	7.859237187629137 7.496304762415133,
	7.872133263651969 7.533150693908941,
	7.868448670502589 7.57552351512682,
	7.861079484203827 7.62895011579284,
	7.8334450355834715 7.662111454137267,
	7.7965991040896645 7.641846191815673,
	7.7818607314921415 7.593946480873723,
	7.7615954691705475 7.52762380418487,
	7.72290724110205 7.461301127496016,
	"/>
</Transform>

</Section>