<?xml version="1.0"?>
<!DOCTYPE Section SYSTEM "section.dtd">

<Section index="23" thickness="0.05" alignLocked="true">
<Transform dim="0"
 xcoef=" 0 1 0 0 0 0"
 ycoef=" 0 0 1 0 0 0">
<Image mag="0.00254" contrast="1" brightness="0" red="true" green="true" blue="true"
 src="..\images\FWNGV.23.jpg" />
<Contour name="domain1" type="line" hidden="false" closed="true" simplified="false" border="1 0 1" fill="1 0 1" mode="11"
 points="0 0,
	4095 0,
	4095 4095,
	0 4095,
	"/>
</Transform>

<Transform dim="0"
 xcoef=" 0 1 0 0 0 0"
 ycoef=" 0 0 1 0 0 0">
<Contour name="Bobs_Dark_Blob" type="line" hidden="false" closed="true" simplified="true" border="1 0 1" fill="1 0 1" mode="13"
 points="6.30958 3.77814,
	6.35717 3.702,
	6.4333 3.63539,
	6.47137 3.59732,
	6.53798 3.44505,
	6.56653 3.29278,
	6.49992 2.98825,
	6.52847 2.91211,
	6.6046 2.9026,
	6.64267 2.9026,
	6.7188 2.93115,
	6.86155 3.0739,
	6.91865 3.15003,
	6.95672 3.22617,
	6.99479 3.37843,
	6.99479 3.45457,
	6.97575 3.5307,
	6.92817 3.60684,
	6.85204 3.68297,
	6.69977 3.78765,
	6.62363 3.8162,
	6.58557 3.83524,
	6.4333 3.85427,
	6.35717 3.8733,
	6.3191 3.83524,
	6.30958 3.79717,
	6.30958 3.78765,
	"/>
</Transform>

<Transform dim="0"
 xcoef=" 0 1 0 0 0 0"
 ycoef=" 0 0 1 0 0 0">
<Contour name="d01" hidden="false" closed="true" simplified="false" border="1.0 1.0 0.0" fill="1.0 1.0 0.0" mode="13"
 points="  4.97176895372746 5.345762705348719,
  4.974284606765271 5.3642108276260005,
  4.9860243209417225 5.382658949903282,
  4.99440983106776 5.400268521167961,
  4.991894178029948 5.418716643445243,
  4.989378524992137 5.437164765722525,
  4.997764035118175 5.460644194075429,
  5.006149545244212 5.466514051163655,
  5.017889259420664 5.469868255214069,
  5.041368687773568 5.475738112302295,
  5.061493912076058 5.479930867365314,
  5.0774263813155285 5.491670581541766,
  5.099228707643225 5.502571744705614,
  5.123546687008733 5.504248846730822,
  5.141156258273411 5.505087397743425,
  5.159604380550693 5.512634356856859,
  5.188953665991823 5.5260511730585185,
  5.204886135231294 5.531082479134141,
  5.2208186044707645 5.533598132171952,
  5.242620930798461 5.532759581159349,
  5.262746155100951 5.534436683184556,
  5.282871379403439 5.527728275083726,
  5.297965297630307 5.513472907869463,
  5.309705011806759 5.498378989642596,
  5.319767623958003 5.484123622428333,
  5.32563748104623 5.466514051163655,
  5.335700093197474 5.453935785974599,
  5.358340970537775 5.432133459646902,
  5.375111990789849 5.4162009904074315,
  5.391883011041924 5.409492582306601,
  5.404461276230979 5.4036227252183755,
  5.408654031293998 5.394398664079735,
  5.408654031293998 5.380143296865471,
  5.404461276230979 5.369242133701623,
  5.408654031293998 5.349116909399133,
  5.411169684331809 5.328991685096645,
  5.418716643445243 5.297965297630307,
  5.424586500533469 5.277840073327818,
  5.430456357621694 5.2602305020631395,
  5.429617806609091 5.245975134848876,
  5.422909398508261 5.231719767634613,
  5.411169684331809 5.2250113595337835,
  5.393560113067131 5.209078890294313,
  5.378466194840264 5.183083808903597,
  5.371757786739434 5.165474237638919,
  5.361695174588189 5.1378020542229965,
  5.360856623575586 5.121869584983526,
  5.3642108276260005 5.10258291169364,
  5.366726480663812 5.088327544479377,
  5.363372276613397 5.076587830302924,
  5.3600180725629825 5.068202320176887,
  5.365887929651208 5.048915646887002,
  5.375111990789849 5.03717593271055,
  5.376789092815057 5.022920565496286,
  5.373434888764642 5.001956790181193,
  5.371757786739434 4.988539973979534,
  5.373434888764642 4.970930402714855,
  5.380143296865471 4.952482280437574,
  5.390205909016716 4.9382269132233105,
  5.405299827243583 4.918101688920822,
  5.417039541420035 4.904684872719161,
  5.42710215357128 4.8904295055048985,
  5.427940704583883 4.875335587278031,
  5.422070847495657 4.862757322088976,
  5.4120082353444126 4.853533260950335,
  5.3952372150923384 4.851856158925127,
  5.373434888764642 4.851017607912524,
  5.3558253174999635 4.8552103629755425,
  5.345762705348719 4.851856158925127,
  5.340731399273096 4.844309199811694,
  5.326476032058833 4.844309199811694,
  5.30551225674374 4.85017905689992,
  5.286225583453855 4.861918771076372,
  5.262746155100951 4.869465730189805,
  5.244298032823669 4.871142832215013,
  5.2166258494077455 4.869465730189805,
  5.192307870042238 4.874497036265428,
  5.180568155865786 4.887913852467087,
  5.1604429315632965 4.897976464618332,
  5.140317707260808 4.9172631379082175,
  5.115999727895299 4.946612423349348,
  5.094197401567603 4.97176895372746,
  5.082457687391151 5.007826647269419,
  5.061493912076058 5.042207238786172,
  5.045561442836587 5.078264932328132,
  5.0338217286601346 5.1126455238448845,
  5.027951871571909 5.13193219713477,
  5.013696504357646 5.156250176500278,
  4.996086933092967 5.165474237638919,
  4.976800259803082 5.1688284416893335,
  4.967576198664441 5.1855994619414085,
  4.964221994614026 5.211594543332123,
  4.972607504740063 5.232558318647216,
  4.983508667903911 5.241782379785858,
  4.99440983106776 5.27616297130261,
  4.991055627017345 5.30551225674374,
  4.975961708790478 5.331507338134456,
  "/>
</Transform>

</Section>