<?xml version="1.0"?>
<!DOCTYPE Section SYSTEM "section.dtd">

<Section index="13" thickness="0.05" alignLocked="true">
<Transform dim="0"
 xcoef=" 0 1 0 0 0 0"
 ycoef=" 0 0 1 0 0 0">
<Image mag="0.00254" contrast="1" brightness="0" red="true" green="true" blue="true"
 src="..\images\FWNGV.13.jpg" />
<Contour name="domain1" hidden="false" closed="true" simplified="false" border="1 0 1" fill="1 0 1" mode="11"
 points="0 0,
	4095 0,
	4095 4095,
	0 4095,
	"/>
</Transform>

<Transform dim="0"
 xcoef=" 0 1 0 0 0 0"
 ycoef=" 0 0 1 0 0 0">
<Contour name="Bobs_Dark_Blob" hidden="false" closed="true" simplified="true" border="1 0 1" fill="1 0 1" mode="13"
 points="6.11784 4.38183,
	6.06541 4.3464,
	6.01014 4.26704,
	5.98038 4.17351,
	5.97754 4.0488,
	6.10367 3.88441,
	6.16602 3.83623,
	6.28365 3.78379,
	6.44804 3.72852,
	6.47496 3.71152,
	6.60959 3.6931,
	6.6436 3.72002,
	6.67762 3.79797,
	6.69462 3.84331,
	6.70029 3.91701,
	6.71163 3.96519,
	6.72155 4.01337,
	6.68187 4.08281,
	6.63794 4.16217,
	6.62093 4.2302,
	6.57133 4.3294,
	6.46504 4.39459,
	6.36017 4.39884,
	6.31624 4.3875,
	6.28507 4.36766,
	6.22696 4.37616,
	6.16886 4.39033,
	"/>
</Transform>

<Transform dim="0"
 xcoef=" 0 1 0 0 0 0"
 ycoef=" 0 0 1 0 0 0">
<Contour name="d01" hidden="false" closed="true" simplified="false" border="1 1 0" fill="1 1 0" mode="13"
 points="5.18805 5.47832,
	5.18225 5.4809,
	5.18031 5.48864,
	5.17708 5.49896,
	5.17386 5.50735,
	5.1687 5.51702,
	5.16418 5.52347,
	5.15773 5.5267,
	5.15064 5.52541,
	5.14419 5.51831,
	5.13838 5.50605,
	5.13 5.4938,
	5.12871 5.47251,
	5.12613 5.46026,
	5.11839 5.44542,
	5.11129 5.43381,
	5.10097 5.41768,
	5.09258 5.39704,
	5.08355 5.38027,
	5.07452 5.36931,
	5.06033 5.36673,
	5.05517 5.36157,
	5.05066 5.34544,
	5.04485 5.32673,
	5.04163 5.30867,
	5.04098 5.28223,
	5.04163 5.26481,
	5.03969 5.24675,
	5.03776 5.23449,
	5.03324 5.2274,
	5.0197 5.21708,
	5.00873 5.20805,
	5.00099 5.19579,
	4.99518 5.17773,
	4.99389 5.16031,
	4.99841 5.1358,
	5.01066 5.11323,
	5.02615 5.09194,
	5.04679 5.07388,
	5.06872 5.05904,
	5.08613 5.03647,
	5.09194 5.01518,
	5.09581 4.98938,
	5.10097 4.97003,
	5.11 4.95584,
	5.12355 4.94358,
	5.13451 4.92358,
	5.14419 4.90939,
	5.15838 4.89972,
	5.17708 4.88359,
	5.18418 4.87843,
	5.19579 4.87714,
	5.21514 4.87714,
	5.22095 4.87521,
	5.24675 4.85586,
	5.27707 4.84747,
	5.30674 4.83844,
	5.32157 4.83457,
	5.33899 4.83134,
	5.35576 4.82876,
	5.3706 4.83134,
	5.37705 4.83586,
	5.38672 4.8365,
	5.39962 4.83586,
	5.41059 4.83521,
	5.41768 4.83844,
	5.42413 4.84811,
	5.42865 4.85844,
	5.43059 4.86553,
	5.43188 4.87327,
	5.43059 4.88682,
	5.42994 4.90423,
	5.42865 4.91713,
	5.42994 4.9281,
	5.42672 4.94487,
	5.42607 4.961,
	5.42284 4.97454,
	5.41897 4.98357,
	5.40865 4.99131,
	5.39898 4.99712,
	5.39317 5.00357,
	5.39124 5.00937,
	5.38543 5.02292,
	5.37898 5.03776,
	5.37511 5.05195,
	5.37769 5.06807,
	5.37898 5.0842,
	5.37963 5.10291,
	5.38027 5.12419,
	5.38866 5.14548,
	5.39769 5.16483,
	5.40091 5.18031,
	5.40156 5.20353,
	5.4022 5.2274,
	5.40285 5.2603,
	5.40156 5.28223,
	5.39833 5.30093,
	5.39446 5.31706,
	5.38737 5.33512,
	5.38092 5.35189,
	5.37834 5.36415,
	5.3706 5.38285,
	5.36028 5.39962,
	5.35254 5.41446,
	5.34028 5.43123,
	5.33125 5.45058,
	5.32609 5.46413,
	5.31964 5.47058,
	5.30609 5.4738,
	5.29126 5.47445,
	5.26997 5.47896,
	5.25707 5.48025,
	5.23836 5.47961,
	5.21837 5.47896,
	5.1945 5.47896,
	"/>
</Transform>

</Section>