<?xml version="1.0"?>
<!DOCTYPE Section SYSTEM "section.dtd">

<Section index="10" thickness="0.05" alignLocked="true">
<Transform dim="0"
 xcoef=" 0 1 0 0 0 0"
 ycoef=" 0 0 1 0 0 0">
<Image mag="0.00254" contrast="1" brightness="0" red="true" green="true" blue="true"
 src="..\images\FWNGV.10.jpg" />
<Contour name="domain1" hidden="false" closed="true" simplified="false" border="1 0 1" fill="1 0 1" mode="11"
 points="0 0,
	4095 0,
	4095 4095,
	0 4095,
	"/>
</Transform>

<Transform dim="0"
 xcoef=" 0 1 0 0 0 0"
 ycoef=" 0 0 1 0 0 0">
<Contour name="d01" hidden="false" closed="true" simplified="true" border="1 1 0" fill="1 1 0" mode="11"
 points="4.05541 4.5722,
	4.06016 4.557,
	4.06396 4.5494,
	4.07821 4.53515,
	4.10766 4.5152,
	4.13806 4.49145,
	4.14186 4.48765,
	4.14946 4.48385,
	4.15326 4.481,
	4.16846 4.47435,
	4.17606 4.47055,
	4.17986 4.4696,
	4.18176 4.4677,
	4.19696 4.46295,
	4.20456 4.4601,
	4.20836 4.45915,
	4.21026 4.45725,
	4.24066 4.44965,
	4.25586 4.4468,
	4.28626 4.44585,
	4.30145 4.4468,
	4.33185 4.45535,
	4.33945 4.45915,
	4.34325 4.4601,
	4.35845 4.4696,
	4.37175 4.4848,
	4.37175 4.4867,
	4.37365 4.4886,
	4.37555 4.4962,
	4.3727 4.5114,
	4.3651 4.5266,
	4.36035 4.5342,
	4.3556 4.5494,
	4.3556 4.5646,
	4.3556 4.5684,
	4.3613 4.5836,
	4.37175 4.59879,
	4.38505 4.61304,
	4.38885 4.61589,
	4.39075 4.61874,
	4.405 4.63299,
	4.4088 4.64059,
	4.41165 4.64439,
	4.4164 4.65959,
	4.41735 4.66719,
	4.4164 4.67479,
	4.41355 4.68239,
	4.4088 4.68999,
	4.3936 4.70044,
	4.3784 4.70614,
	4.3632 4.70804,
	4.3328 4.70709,
	4.329 4.70709,
	4.3138 4.69949,
	4.29861 4.69379,
	4.29101 4.69094,
	4.26061 4.68809,
	4.24541 4.68809,
	4.21501 4.69474,
	4.20741 4.69664,
	4.17701 4.69759,
	4.14661 4.69094,
	4.13901 4.68904,
	4.13521 4.68619,
	4.12001 4.67954,
	4.10481 4.66814,
	4.09721 4.66149,
	4.09246 4.65389,
	4.08581 4.64629,
	4.08201 4.63869,
	4.07156 4.62349,
	4.06301 4.60829,
	4.06016 4.60449,
	4.05541 4.5893,
	4.05541 4.5741,
	4.05541 4.57315,
	"/>
</Transform>

<Transform dim="0"
 xcoef=" 0 1 0 0 0 0"
 ycoef=" 0 0 1 0 0 0">
<Contour name="d01" hidden="false" closed="true" simplified="true" border="1 1 0" fill="1 1 0" mode="11"
 points="4.96947 5.139,
	4.97594 5.09759,
	4.985 5.07689,
	4.99406 5.06653,
	5.00571 5.04583,
	5.01218 5.03547,
	5.01736 5.0303,
	5.04453 4.98889,
	5.06006 4.96818,
	5.06783 4.95783,
	5.07042 4.95265,
	5.07947 4.9423,
	5.08465 4.93712,
	5.10406 4.92547,
	5.12477 4.92159,
	5.16618 4.919,
	5.18689 4.91771,
	5.20759 4.90865,
	5.2283 4.89441,
	5.23865 4.88665,
	5.24901 4.88147,
	5.29042 4.875,
	5.33183 4.875,
	5.35254 4.87371,
	5.37324 4.86983,
	5.39395 4.86335,
	5.41466 4.86335,
	5.43536 4.86724,
	5.45607 4.87371,
	5.47677 4.88277,
	5.48713 4.88794,
	5.50654 4.90477,
	5.5156 4.91383,
	5.52207 4.92418,
	5.52595 4.94488,
	5.52466 4.96559,
	5.52077 4.97594,
	5.50266 4.99665,
	5.4923 5.007,
	5.48195 5.01477,
	5.46124 5.02383,
	5.45607 5.02642,
	5.43666 5.04712,
	5.4276 5.06783,
	5.42501 5.073,
	5.42371 5.09371,
	5.42889 5.11442,
	5.44313 5.15583,
	5.4496 5.19724,
	5.44701 5.23865,
	5.44183 5.25936,
	5.42371 5.30077,
	5.41854 5.31112,
	5.40948 5.32148,
	5.39783 5.34218,
	5.39007 5.36289,
	5.38618 5.37324,
	5.37713 5.3836,
	5.36677 5.39136,
	5.34607 5.40171,
	5.32536 5.40689,
	5.30465 5.40689,
	5.2943 5.40948,
	5.28395 5.41595,
	5.26454 5.43277,
	5.25418 5.43924,
	5.23348 5.45866,
	5.21924 5.47936,
	5.20889 5.50007,
	5.20759 5.50524,
	5.19465 5.52595,
	5.18559 5.53372,
	5.17524 5.53501,
	5.15453 5.53372,
	5.14418 5.53113,
	5.139 5.52983,
	5.12218 5.50913,
	5.095 5.46771,
	5.07559 5.4483,
	5.05877 5.43148,
	5.04842 5.42113,
	5.04194 5.41077,
	5.03806 5.40042,
	5.03677 5.39007,
	5.03806 5.34865,
	5.03806 5.3383,
	5.04065 5.32795,
	5.03936 5.30724,
	5.03547 5.29689,
	5.02124 5.27618,
	5.00441 5.25548,
	4.97983 5.21406,
	4.97077 5.17265,
	4.96947 5.15195,
	4.96947 5.14159,
	4.96947 5.1403,
	"/>
</Transform>

</Section>