<?xml version="1.0"?>
<!DOCTYPE Section SYSTEM "section.dtd">

<Section index="25" thickness="0.05" alignLocked="true">
<Transform dim="0"
 xcoef=" 0 1 0 0 0 0"
 ycoef=" 0 0 1 0 0 0">
<Image mag="0.00254" contrast="1" brightness="0" red="true" green="true" blue="true"
 src="..\images\FWNGV.25.jpg" />
<Contour name="domain1" type="line" hidden="false" closed="true" simplified="false" border="1 0 1" fill="1 0 1" mode="11"
 points="0 0,
	4095 0,
	4095 4095,
	0 4095,
	"/>
</Transform>

<Transform dim="0"
 xcoef=" 0 1 0 0 0 0"
 ycoef=" 0 0 1 0 0 0">
<Contour name="Bobs_Dark_Blob" type="line" hidden="false" closed="true" simplified="true" border="1 0 1" fill="1 0 1" mode="13"
 points="6.41564 2.83012,
	6.4582 2.65988,
	6.4582 2.6386,
	6.50076 2.59605,
	6.58587 2.60669,
	6.66035 2.65988,
	6.85186 3.00035,
	6.9157 3.17058,
	6.93698 3.21314,
	6.94762 3.38337,
	6.94762 3.42593,
	6.9157 3.51105,
	6.85186 3.59616,
	6.68163 3.67064,
	6.63907 3.68128,
	6.59651 3.67064,
	6.56459 3.63872,
	6.55395 3.46849,
	6.46884 3.12802,
	6.43692 2.95779,
	6.41564 2.87267,
	6.41564 2.84076,
	"/>
</Transform>

<Transform dim="0"
 xcoef=" 0 1 0 0 0 0"
 ycoef=" 0 0 1 0 0 0">
<Contour name="d01" hidden="false" closed="true" simplified="false" border="1.0 1.0 0.0" fill="1.0 1.0 0.0" mode="13"
 points="  5.10258291169364 5.478253765340106,
  5.132770748147374 5.483285071415729,
  5.155411625487674 5.4866392754661435,
  5.193146421054842 5.489154928503955,
  5.241782379785858 5.487477826478748,
  5.278678624340421 5.484123622428333,
  5.310543562819363 5.477415214327503,
  5.339892848260493 5.466514051163655,
  5.365887929651208 5.459805643062825,
  5.388528806991508 5.450581581924184,
  5.42039374547045 5.437164765722525,
  5.427940704583883 5.430456357621694,
  5.430456357621694 5.412846786357017,
  5.434649112684713 5.394398664079735,
  5.448904479898976 5.365887929651208,
  5.45645143901241 5.335700093197474,
  5.458128541037618 5.3038351547185325,
  5.4556128879998065 5.263584706113554,
  5.443873173823354 5.243459481811065,
  5.42710215357128 5.230881216622009,
  5.412846786357017 5.223334257508576,
  5.401107072180564 5.211594543332123,
  5.396075766104942 5.199016278143068,
  5.398591419142753 5.186438012954012,
  5.410331133319206 5.177213951815371,
  5.427940704583883 5.1688284416893335,
  5.43632621470992 5.152057421437259,
  5.432133459646902 5.1210310339709215,
  5.4287792555964876 5.08916609549198,
  5.423747949520865 5.069040871189491,
  5.4120082353444126 5.027951871571909,
  5.402784174205772 5.012019402332438,
  5.389367358004113 5.008665198282023,
  5.370080684714226 5.001956790181193,
  5.356663868512567 4.993571280055156,
  5.34827835838653 4.974284606765271,
  5.345762705348719 4.948289525374555,
  5.354148215474756 4.920617341958632,
  5.370080684714226 4.897137913605729,
  5.386851704966301 4.874497036265428,
  5.401107072180564 4.851856158925127,
  5.409492582306601 4.835923689685656,
  5.412846786357017 4.8174755674083745,
  5.414523888382224 4.804058751206715,
  5.410331133319206 4.799027445131093,
  5.402784174205772 4.802381649181508,
  5.378466194840264 4.809090057282337,
  5.363372276613397 4.811605710320149,
  5.340731399273096 4.809928608294942,
  5.323960379021022 4.815798465383168,
  5.309705011806759 4.825022526521808,
  5.280355726365628 4.835085138673053,
  5.2560377470001205 4.8426320977864865,
  5.241782379785858 4.8426320977864865,
  5.223334257508576 4.845986301836901,
  5.205724686243897 4.849340505887317,
  5.1855994619414085 4.8552103629755425,
  5.153734523462467 4.867788628164598,
  5.134447850172581 4.884559648416673,
  5.119353931945715 4.911393280819992,
  5.103421462706244 4.923132994996443,
  5.094197401567603 4.923971546009048,
  5.076587830302924 4.920617341958632,
  5.062332463088661 4.926487199046859,
  5.055624054987832 4.955836484487989,
  5.047238544861794 4.9860243209417225,
  5.054785503975228 5.007826647269419,
  5.055624054987832 5.046399993849191,
  5.048915646887002 5.07994203435334,
  5.03969158574836 5.101744360681036,
  5.022920565496286 5.1252237890339405,
  5.001956790181193 5.152895972449863,
  4.986862871954327 5.194823523080049,
  4.979315912840893 5.234235420672424,
  4.9776388108156855 5.266938910163969,
  4.970930402714855 5.3189290729454,
  4.975123157777874 5.360856623575586,
  4.9818315658787045 5.392721562054527,
  4.995248382080364 5.4120082353444126,
  5.016212157395457 5.422909398508261,
  5.028790422584512 5.441357520785543,
  5.042207238786172 5.454774336987202,
  5.054785503975228 5.459805643062825,
  5.072395075239906 5.465675500151051,
  5.088327544479377 5.473222459264484,
  "/>
</Transform>

<Transform dim="0"
 xcoef=" 0 1 0 0 0 0"
 ycoef=" 0 0 1 0 0 0">
<Contour name="d01" hidden="false" closed="true" simplified="false" border="1.0 1.0 0.0" fill="1.0 1.0 0.0" mode="13"
 points="  4.517311201140798 4.452830821026635,
  4.469411490198849 4.414142592958137,
  4.445461634727874 4.393877330636543,
  4.42703866898097 4.360715992292116,
  4.410457999808756 4.325712357372999,
  4.395719627211233 4.28149723958043,
  4.404931110084685 4.257547384109455,
  4.421511779256899 4.246493604661313,
  4.462042303900087 4.237282121787861,
  4.504415125117966 4.226228342339719,
  4.546787946335844 4.218859156040957,
  4.5836338778296515 4.220701452615648,
  4.622322105898149 4.229912935489099,
  4.644429664794433 4.244651308086622,
  4.672064113414789 4.274128053281668,
  4.701540858609835 4.296235612177953,
  4.72549071408081 4.325712357372999,
  4.754967459275856 4.349662212843974,
  4.77339042502276 4.382823551188401,
  4.766021238723998 4.415984889532828,
  4.740229086678333 4.432565558705041,
  4.664694927116028 4.449146227877254,
  4.6296912921969104 4.469411490198849,
  4.616795216174078 4.508099718267346,
  4.5983722504271745 4.530207277163631,
  4.5744223949561995 4.5283649805889405,
  4.5578417257839865 4.506257421692656,
  4.541261056611773 4.47678067649761,
  "/>
</Transform>

</Section>