<?xml version="1.0"?>
<!DOCTYPE Section SYSTEM "section.dtd">

<Section index="36" thickness="0.05" alignLocked="true">
<Transform dim="0"
 xcoef=" 0 1 0 0 0 0"
 ycoef=" 0 0 1 0 0 0">
<Image mag="0.00254" contrast="1" brightness="0" red="true" green="true" blue="true"
 src="..\images\FWNGV.36.jpg" />
<Contour name="domain1" type="line" hidden="false" closed="true" simplified="false" border="1 0 1" fill="1 0 1" mode="11"
 points="0 0,
	4095 0,
	4095 4095,
	0 4095,
	"/>
</Transform>

<Transform dim="0"
 xcoef=" 0 1 0 0 0 0"
 ycoef=" 0 0 1 0 0 0">
<Contour name="bob001" type="line" hidden="false" closed="true" simplified="true" border="0 0.5 0" fill="0 0.5 0" mode="13"
 points="7.39266 6.95616,
	7.41124 6.88186,
	7.46696 6.80756,
	7.49482 6.73327,
	7.55983 6.67754,
	7.63413 6.64039,
	7.67128 6.62182,
	7.68985 6.61253,
	7.83845 6.69612,
	7.91275 6.75184,
	7.98705 6.77041,
	8.06134 6.77041,
	8.09849 6.76113,
	8.14493 6.69612,
	8.20994 6.63111,
	8.25638 6.55681,
	8.32139 6.51037,
	8.37711 6.43607,
	8.40497 6.39892,
	8.55357 6.31534,
	8.70217 6.2689,
	8.73931 6.25962,
	8.81361 6.21318,
	8.85076 6.1946,
	8.98078 6.0553,
	9.01793 6.03672,
	9.09223 6.04601,
	9.16653 6.07387,
	9.20368 6.09244,
	9.24083 6.12959,
	9.25011 6.20389,
	9.22225 6.24104,
	9.1851 6.25962,
	9.16653 6.29676,
	9.01793 6.25033,
	8.86934 6.24104,
	8.72074 6.32463,
	8.68359 6.3432,
	8.61858 6.40821,
	8.46998 6.47322,
	8.39569 6.53823,
	8.36782 6.57538,
	8.35854 6.61253,
	8.40497 6.68683,
	8.41426 6.76113,
	8.43283 6.79828,
	8.42355 6.83543,
	8.36782 6.90044,
	8.21923 6.91901,
	8.07063 7.01188,
	8.03348 7.02117,
	8.00562 7.05832,
	8.00562 7.09547,
	7.99633 7.11404,
	7.95918 7.11404,
	7.90346 7.17905,
	7.86631 7.20692,
	7.84774 7.22549,
	7.83845 7.26264,
	7.81059 7.29979,
	7.8013 7.37409,
	7.8013 7.41124,
	7.78273 7.44838,
	7.78273 7.74558,
	7.78273 7.78273,
	7.78273 7.8013,
	7.74558 7.81988,
	7.727 7.82916,
	7.70843 7.81059,
	7.71772 7.77344,
	7.68985 7.62484,
	7.70843 7.55054,
	7.69914 7.47625,
	7.67128 7.4391,
	7.66199 7.42052,
	7.68057 7.34622,
	7.68057 7.27193,
	7.67128 7.23478,
	7.59698 7.18834,
	7.52268 7.16977,
	7.48553 7.16977,
	7.46696 7.13262,
	7.45767 7.05832,
	7.40195 6.99331,
	7.39266 6.96545,
	"/>
<Contour name="Bobs_Dark_Blob" type="line" hidden="false" closed="true" simplified="true" border="1 0 1" fill="1 0 1" mode="13"
 points="5.1547 0.874625,
	5.17331 0.800189,
	5.30358 0.669925,
	5.45245 0.651316,
	5.60132 0.669925,
	5.75019 0.725752,
	5.82463 0.762971,
	5.95489 0.911843,
	6.02933 0.986279,
	6.06655 1.06072,
	6.21542 1.20959,
	6.25264 1.28402,
	6.3829 1.41429,
	6.49455 1.71203,
	6.55038 1.8609,
	6.55038 2.00978,
	6.55038 2.08421,
	6.55038 2.12143,
	6.62482 2.19587,
	6.66204 2.2703,
	6.66204 2.41917,
	6.64343 2.49361,
	6.56899 2.54944,
	6.49455 2.54944,
	6.34568 2.45639,
	6.08516 2.17726,
	6.01072 2.02839,
	5.99211 1.87951,
	5.71297 1.6376,
	5.5641 1.56316,
	5.41523 1.4515,
	5.34079 1.30263,
	5.22914 1.15376,
	5.17331 1.07932,
	5.1547 0.930452,
	5.1547 0.893234,
	"/>
</Transform>

</Section>