<?xml version="1.0"?>
<!DOCTYPE Section SYSTEM "section.dtd">

<Section index="35" thickness="0.05" alignLocked="true">
<Transform dim="0"
 xcoef=" 0 1 0 0 0 0"
 ycoef=" 0 0 1 0 0 0">
<Image mag="0.00254" contrast="1" brightness="0" red="true" green="true" blue="true"
 src="..\images\FWNGV.35.jpg" />
<Contour name="domain1" type="line" hidden="false" closed="true" simplified="false" border="1 0 1" fill="1 0 1" mode="11"
 points="0 0,
	4095 0,
	4095 4095,
	0 4095,
	"/>
</Transform>

<Transform dim="0"
 xcoef=" 0 1 0 0 0 0"
 ycoef=" 0 0 1 0 0 0">
<Contour name="Bobs_Dark_Blob" type="line" hidden="false" closed="true" simplified="true" border="1 0 1" fill="1 0 1" mode="13"
 points="5.21199 0.813768,
	5.23137 0.736266,
	5.38637 0.658765,
	5.54137 0.658765,
	5.69638 0.697516,
	5.77388 0.736266,
	6.06451 1.00752,
	6.33577 1.31753,
	6.41327 1.47253,
	6.43264 1.62754,
	6.49077 1.78254,
	6.52952 1.86004,
	6.52952 2.01505,
	6.51015 2.09255,
	6.6264 2.24755,
	6.66515 2.32505,
	6.66515 2.48006,
	6.66515 2.55756,
	6.60702 2.63506,
	6.52952 2.63506,
	6.45202 2.59631,
	6.14201 2.32505,
	6.04514 2.17005,
	6.00638 2.01505,
	6.00638 1.93754,
	6.00638 1.89879,
	5.87076 1.76316,
	5.71575 1.66629,
	5.23137 1.04627,
	5.21199 0.89127,
	5.21199 0.833144,
	"/>
</Transform>

<Transform dim="0"
 xcoef=" 0 1 0 0 0 0"
 ycoef=" 0 0 1 0 0 0">
<Contour name="d01" type="line" hidden="false" closed="true" simplified="false" border="1 1 0" fill="1 1 0" mode="13"
 points="5.02579 5.41083,
	5.0092 5.42188,
	4.98894 5.41267,
	4.97973 5.39056,
	4.97789 5.35003,
	4.97052 5.30581,
	4.9613 5.27081,
	4.93551 5.21923,
	4.92446 5.17501,
	4.92262 5.14001,
	4.9392 5.10685,
	4.94288 5.08658,
	4.94841 5.05526,
	4.95578 5.0221,
	4.96867 5.0092,
	4.99262 5.00368,
	5.02026 4.99078,
	5.03684 4.97052,
	5.04237 4.94104,
	5.04237 4.90235,
	5.06263 4.83787,
	5.09395 4.81208,
	5.12158 4.79918,
	5.13817 4.79734,
	5.17317 4.81576,
	5.20265 4.82866,
	5.21923 4.82682,
	5.25239 4.82497,
	5.27265 4.83787,
	5.29292 4.85261,
	5.31134 4.86551,
	5.32055 4.8913,
	5.32976 4.92077,
	5.34082 4.9392,
	5.36108 4.95025,
	5.38319 4.96683,
	5.4053 4.98157,
	5.42372 5.0092,
	5.44951 5.03315,
	5.46609 5.05342,
	5.48636 5.07368,
	5.51215 5.09395,
	5.55084 5.12158,
	5.56926 5.1529,
	5.58216 5.19712,
	5.59505 5.23581,
	5.59505 5.28002,
	5.60058 5.31134,
	5.60795 5.34819,
	5.60427 5.37029,
	5.59137 5.38135,
	5.56374 5.37766,
	5.549 5.34634,
	5.5361 5.30397,
	5.51215 5.26713,
	5.46609 5.23949,
	5.42741 5.22475,
	5.36845 5.23396,
	5.30029 5.25423,
	5.24318 5.27818,
	5.21001 5.30397,
	5.18238 5.31871,
	5.13632 5.32239,
	5.10316 5.32976,
	5.07184 5.33713,
	5.04973 5.36108,
	5.02947 5.39424,
	"/>
</Transform>

<Transform dim="0"
 xcoef=" 0 1 0 0 0 0"
 ycoef=" 0 0 1 0 0 0">
<Contour name="Java2018062016a" type="line" hidden="false" closed="true" simplified="false" border="1.0 0.0 0.0" fill="1.0 0.0 0.0" mode="13"
 points="4.690854364505213 8.64797659298217,
	4.642218405774197 8.60269483830157,
	4.608676365270049 8.536449308305876,
	4.594420998055785 8.441693043881655,
	4.593582447043182 8.35029098350785,
	4.602806508181822 8.279852698449137,
	4.630478691597745 8.22870108668031,
	4.684984507416987 8.20606020934001,
	4.740328874248832 8.202706005289595,
	4.792319037030263 8.20857586237782,
	4.8552103629755425 8.213607168453443,
	4.949966627399763 8.214445719466047,
	4.9902170760047415 8.225346882629895,
	5.046399993849191 8.244633555919782,
	5.075749279290321 8.249664861995404,
	5.110129870807073 8.253019066045818,
	5.1378020542229965 8.263081678197063,
	5.152895972449863 8.29159241262559,
	5.165474237638919 8.31423328996589,
	5.19733917611786 8.345259677432228,
	5.245975134848876 8.385510126037206,
	5.299642399655514 8.439177390843843,
	5.337377195222682 8.500391614763915,
	5.3642108276260005 8.559090185646177,
	5.370080684714226 8.59598643020074,
	5.35498676648736 8.649653695007379,
	5.328153134084041 8.689065592599754,
	5.2686160121891765 8.725123286141713,
	5.218302951432953 8.75614967360805,
	5.149541768399448 8.76956648980971,
	5.082457687391151 8.780467652973558,
	5.0170507084080604 8.784660408036578,
	4.939065464235914 8.775436346897935,
	4.849340505887317 8.756988224620654,
	4.799027445131093 8.733508796267751,
	4.73529756817321 8.691581245637565,
	"/>
</Transform>

<Transform dim="0"
 xcoef=" 0 1 0 0 0 0"
 ycoef=" 0 0 1 0 0 0">
<Contour name="bob001" type="line" hidden="false" closed="true" simplified="false" border="0.0 0.4666666666666667 0.0" fill="0.0 0.4666666666666667 0.0" mode="13"
 points="7.599473370597794 7.328655774118309,
	7.536835287058322 7.308390511796715,
	7.476039500093539 7.299179028923263,
	7.422612899427518 7.2678599871535265,
	7.426297492576899 7.208906496763435,
	7.463143424070706 7.159164489246795,
	7.470512610369468 7.114949371454226,
	7.450247348047874 7.074418846811038,
	7.406032230255305 7.061522770788205,
	7.393136154232472 7.032046025593159,
	7.400505340531234 6.934404307134569,
	7.417086009703447 6.877293113319167,
	7.444720458323803 6.7409631667920795,
	7.464985720645397 6.626740779161277,
	7.503673948713895 6.580683364794017,
	7.560785142529296 6.575156475069946,
	7.634477005516912 6.59357944081685,
	7.6750075301601 6.626740779161277,
	7.710011165079217 6.670955896953846,
	7.757910876021167 6.711486421597034,
	7.8002836972390455 6.7262247941945565,
	7.8316027390087815 6.766755318837745,
	7.87766015337604 6.803601250331552,
	7.942140533490204 6.838604885250669,
	8.002936320454987 6.855185554422883,
	8.091366556040125 6.827551105802527,
	8.159531529303669 6.775966801711197,
	8.235065688865973 6.7391208702173895,
	8.288492289531995 6.7409631667920795,
	8.358499559370228 6.772282208561816,
	8.391660897714655 6.801758953756862,
	8.395345490864036 6.866239333871025,
	8.41561075318563 6.904927561939523,
	8.448772091530056 6.928877417410498,
	8.540886920264576 6.960196459180234,
	8.621947969550952 6.976777128352448,
	8.679059163366354 6.997042390674042,
	8.65879390104476 7.039415211891921,
	8.603525003804048 7.065207363937586,
	8.533517733965814 7.061522770788205,
	8.445087498380676 7.03757291531723,
	8.312442145002969 6.997042390674042,
	8.201904350521547 6.980461721501828,
	8.183481384774643 7.002569280398113,
	8.141108563556765 7.046784398190682,
	8.085839666316053 7.070734253661657,
	7.986355651282773 7.129687744051749,
	7.962405795811798 7.175745158419009,
	7.912663788295158 7.218117979636887,
	7.885029339674802 7.2310140556597196,
	7.855552594479756 7.253121614556004,
	7.850025704755685 7.2899675460498115,
	7.8223912561353295 7.361817112462736,
	7.8131797732618775 7.42998208572628,
	7.7965991040896645 7.492620169265753,
	7.794756807514974 7.546046769931773,
	7.794756807514974 7.595788777448414,
	7.7873876212162125 7.680534419884171,
	7.7763338417680705 7.711853461653907,
	7.752383986297096 7.669480640436029,
	7.730276427400811 7.569996625402748,
	7.700799682205765 7.450247348047874,
	7.647373081539744 7.358132519313355,
	"/>
</Transform>

</Section>