<?xml version="1.0"?>
<!DOCTYPE Section SYSTEM "section.dtd">

<Section index="29" thickness="0.05" alignLocked="true">
<Transform dim="0"
 xcoef=" 0 1 0 0 0 0"
 ycoef=" 0 0 1 0 0 0">
<Image mag="0.00254" contrast="1" brightness="0" red="true" green="true" blue="true"
 src="..\images\FWNGV.29.jpg" />
<Contour name="domain1" type="line" hidden="false" closed="true" simplified="false" border="1 0 1" fill="1 0 1" mode="11"
 points="0 0,
	4095 0,
	4095 4095,
	0 4095,
	"/>
</Transform>

<Transform dim="0"
 xcoef=" 0 1 0 0 0 0"
 ycoef=" 0 0 1 0 0 0">
<Contour name="Bobs_Dark_Blob" type="line" hidden="false" closed="true" simplified="true" border="1 0 1" fill="1 0 1" mode="13"
 points="6.28604 2.31707,
	6.29712 2.27273,
	6.47451 2.19512,
	6.51885 2.19512,
	6.5632 2.23947,
	6.65189 2.41685,
	6.68515 2.4612,
	6.76275 2.63858,
	6.8071 2.72727,
	6.88471 3.08204,
	6.90688 3.17073,
	6.89579 3.25943,
	6.85145 3.30377,
	6.8071 3.32594,
	6.76275 3.31486,
	6.71841 3.2816,
	6.69624 3.23725,
	6.52994 3.07096,
	6.48559 3.04878,
	6.41907 2.96009,
	6.34147 2.78271,
	6.30821 2.60532,
	6.29712 2.42794,
	6.28604 2.33925,
	6.28604 2.32816,
	"/>
</Transform>

<Transform dim="0"
 xcoef=" 0 1 0 0 0 0"
 ycoef=" 0 0 1 0 0 0">
<Contour name="d01" hidden="false" closed="true" simplified="false" border="1.0 1.0 0.0" fill="1.0 1.0 0.0" mode="13"
 points="  4.948408599618346 5.41266733644032,
  4.902351185251086 5.438459488485985,
  4.850766881159756 5.445828674784747,
  4.802867170217806 5.442144081635366,
  4.753125162701166 5.473463123405102,
  4.719963824356739 5.486359199427935,
  4.679433299713551 5.534258910369885,
  4.664694927116028 5.6005815870587385,
  4.690487079161693 5.628216035679094,
  4.742071383253023 5.633742925403165,
  4.797340280493735 5.6300583322537845,
  4.847082288010375 5.6208468493803325,
  4.887612812653563 5.602423883633429,
  4.924458744147371 5.580316324737144,
  4.950250896193036 5.550839579542098,
  4.964989268790559 5.523205130921743,
  4.987096827686844 5.502939868600148,
  5.01657357288189 5.488201496002625,
  5.047892614651626 5.477147716554483,
  5.077369359846672 5.471620826830412,
  5.1252690707886215 5.473463123405102,
  5.160272705707738 5.471620826830412,
  5.186064857753404 5.455040157658199,
  5.21738389952314 5.429248005612533,
  5.239491458419424 5.41266733644032,
  5.263441313890399 5.408982743290939,
  5.296602652234826 5.397928963842797,
  5.340817770027395 5.368452218647751,
  5.36476762549837 5.333448583728634,
  5.392402074118726 5.292918059085445,
  5.405298150141558 5.250545237867567,
  5.423721115888462 5.221068492672521,
  5.443986378210056 5.200803230350927,
  5.473463123405102 5.187907154328094,
  5.497412978876077 5.197118637201546,
  5.532416613795195 5.210014713224378,
  5.554524172691479 5.210014713224378,
  5.563735655564931 5.187907154328094,
  5.569262545289002 5.160272705707738,
  5.561893358990241 5.1289536639380024,
  5.548997282967408 5.0902654358695045,
  5.530574317220504 5.047892614651626,
  5.499255275450768 5.027627352330032,
  5.447670971359437 5.003677496859057,
  5.399771260417487 4.996308310560296,
  5.370294515222441 4.988939124261534,
  5.353713846050228 4.972358455089321,
  5.342660066602086 4.944724006468965,
  5.329763990579253 4.880243626354802,
  5.31318332140704 4.815763246240639,
  5.305814135108278 4.771548128448069,
  5.292918059085445 4.749440569551785,
  5.270810500189161 4.736544493528952,
  5.252387534442257 4.729175307230191,
  5.250545237867567 4.716279231207358,
  5.248702941292876 4.696013968885764,
  5.233964568695353 4.686802486012312,
  5.208172416649688 4.681275596288241,
  5.165799595431809 4.681275596288241,
  5.143692036535525 4.672064113414789,
  5.1142152913404795 4.662852630541337,
  5.086580842720124 4.657325740817266,
  5.0700001735479105 4.644429664794433,
  5.057104097525078 4.6094260298753165,
  5.038681131778174 4.5652109120827475,
  5.020258166031271 4.5283649805889405,
  4.990781420836224 4.491519049095133,
  4.957620082491798 4.436250151854422,
  4.928143337296752 4.395719627211233,
  4.898666592101706 4.344135323119903,
  4.87103214348135 4.316500874499547,
  4.854451474309136 4.292551019028572,
  4.828659322263471 4.277812646431049,
  4.819447839390019 4.288866425879192,
  4.788128797620283 4.294393315603263,
  4.762336645574618 4.287024129304501,
  4.747598272977095 4.275970349856359,
  4.708910044908597 4.272285756706978,
  4.683117892862931 4.259389680684145,
  4.651798851093195 4.23359752863848,
  4.622322105898149 4.226228342339719,
  4.62600669904753 4.204120783443434,
  4.611268326450007 4.161747962225555,
  4.5799492846802705 4.1341135136052,
  4.52652268401425 4.126744327306438,
  4.484149862796372 4.124902030731748,
  4.401246516935305 4.121217437582367,
  4.355189102568045 4.113848251283606,
  4.309131688200786 4.100952175260773,
  4.246493604661313 4.0935829889620114,
  4.18201322454715 4.089898395812631,
  4.123059734157058 4.091740692387321,
  4.077002319789798 4.100952175260773,
  4.0512101677441335 4.137798106754581,
  4.0327872019972295 4.167274851949627,
  4.0162065328250165 4.170959445099007,
  4.003310456802184 4.159905665650865,
  3.9793606013312086 4.158063369076175,
  3.9646222287336856 4.169117148524317,
  3.9296185938145687 4.189382410845911,
  3.9240917040904972 4.215174562891576,
  3.9148802212170457 4.244651308086622,
  3.9240917040904972 4.250178197810694,
  3.948041559561472 4.244651308086622,
  3.977518304756518 4.242809011511932,
  4.0069950499515645 4.239124418362551,
  4.0346294985719195 4.246493604661313,
  4.0585793540428945 4.270443460132288,
  4.080686912939179 4.296235612177953,
  4.102794471835463 4.312816281350166,
  4.112005954708915 4.340450729970522,
  4.115690547858296 4.364400585441497,
  4.132271217030509 4.382823551188401,
  4.147009589628032 4.37729666146433,
  4.176486334823078 4.371769771740259,
  4.202278486868744 4.357031399142735,
  4.240966714937242 4.342293026545212,
  4.266758866982907 4.355189102568045,
  4.296235612177953 4.366242882016187,
  4.318343171074238 4.358873695717426,
  4.369927475165568 4.334923840246451,
  4.410457999808756 4.320185467648928,
  4.458357710750706 4.307289391626095,
  4.480465269646991 4.303604798476715,
  4.511784311416727 4.312816281350166,
  4.541261056611773 4.33123924709707,
  4.5725800983815095 4.340450729970522,
  4.616795216174078 4.344135323119903,
  4.657325740817266 4.349662212843974,
  4.705225451759216 4.360715992292116,
  4.747598272977095 4.386508144337782,
  4.778917314746831 4.410457999808756,
  4.810236356516567 4.452830821026635,
  4.847082288010375 4.485992159371062,
  4.878401329780111 4.522838090864869,
  4.907878074975157 4.5578417257839865,
  4.933670227020823 4.5946876572777935,
  4.948408599618346 4.642587368219743,
  4.959462379066488 4.684960189437622,
  4.96867386193994 4.745755976402404,
  4.987096827686844 4.788128797620283,
  5.011046683157819 4.843397694860994,
  5.029469648904722 4.86918984690666,
  5.036838835203484 4.900508888676396,
  5.029469648904722 4.950250896193036,
  5.012888979732509 5.025785055755342,
  4.999992903709676 5.081053952996053,
  4.981569937962773 5.097634622168266,
  4.963146972215869 5.132638257087383,
  4.963146972215869 5.173168781730571,
  4.987096827686844 5.213699306373759,
  5.005519793433747 5.268968203614471,
  4.999992903709676 5.309498728257659,
  4.988939124261534 5.348186956326157,
  4.976043048238701 5.379505998095893,
  "/>
</Transform>

</Section>