<?xml version="1.0"?>
<!DOCTYPE Section SYSTEM "section.dtd">

<Section index="47" thickness="0.05" alignLocked="true">
<Transform dim="0"
 xcoef=" 0 1 0 0 0 0"
 ycoef=" 0 0 1 0 0 0">
<Image mag="0.00254" contrast="1" brightness="0" red="true" green="true" blue="true"
 src="..\images\FWNGV.47.jpg" />
<Contour name="domain1" type="line" hidden="false" closed="true" simplified="false" border="1 0 1" fill="1 0 1" mode="11"
 points="0 0,
	4095 0,
	4095 4095,
	0 4095,
	"/>
</Transform>

<Transform dim="0"
 xcoef=" 0 1 0 0 0 0"
 ycoef=" 0 0 1 0 0 0">
<Contour name="bob001" type="line" hidden="false" closed="true" simplified="true" border="0 0.5 0" fill="0 0.5 0" mode="13"
 points="7.38321 6.36528,
	7.43475 6.32662,
	7.46052 6.33951,
	7.49917 6.30085,
	7.60225 6.26219,
	7.64091 6.21065,
	7.69245 6.19777,
	7.74399 6.15911,
	7.95015 6.09469,
	8.00169 6.0818,
	8.05323 6.12046,
	8.15632 6.13334,
	8.2594 6.21065,
	8.31094 6.23642,
	8.36248 6.23642,
	8.56864 6.12046,
	8.58153 6.01738,
	8.58153 5.99161,
	8.63307 5.95295,
	8.68461 5.96584,
	8.69749 5.99161,
	8.65884 6.09469,
	8.67172 6.19777,
	8.65884 6.24931,
	8.6073 6.28797,
	8.50422 6.30085,
	8.45267 6.32662,
	8.45267 6.37816,
	8.50422 6.41682,
	8.59441 6.62298,
	8.59441 6.64875,
	8.49133 6.66164,
	8.43979 6.66164,
	8.34959 6.62298,
	8.32382 6.63587,
	8.28517 6.59721,
	8.079 6.57144,
	7.97592 6.55855,
	7.87284 6.57144,
	7.76976 6.5199,
	7.74399 6.5199,
	7.64091 6.45547,
	7.43475 6.39105,
	7.38321 6.37816,
	"/>
<Contour name="Bobs_Dark_Blob" type="line" hidden="false" closed="true" simplified="true" border="1 0 1" fill="1 0 1" mode="13"
 points="4.69954 1.11894,
	4.72751 1.00704,
	4.79744 0.909137,
	4.85339 0.867176,
	4.96528 0.839203,
	5.07718 0.839203,
	5.18907 0.89515,
	5.24502 0.93711,
	5.27299 0.993057,
	5.27299 1.049,
	5.30097 1.10495,
	5.27299 1.32874,
	5.28698 1.38468,
	5.39887 1.45462,
	5.45482 1.48259,
	5.67861 1.51057,
	5.7905 1.52455,
	5.90239 1.5805,
	5.95834 1.62246,
	5.98631 1.73435,
	6.0003 1.7903,
	6.07023 1.90219,
	6.08422 2.12598,
	6.01429 2.23787,
	5.95834 2.26585,
	5.84645 2.26585,
	5.74854 2.16794,
	5.72057 2.11199,
	5.66462 2.09801,
	5.55273 2.02807,
	5.49678 2.01409,
	5.44083 1.97213,
	5.41286 1.91618,
	5.30097 1.81827,
	5.20306 1.74834,
	5.14711 1.76233,
	5.09116 1.73435,
	5.00724 1.62246,
	4.79744 1.39867,
	4.69954 1.17488,
	4.69954 1.13292,
	"/>
</Transform>

</Section>