<?xml version="1.0"?>
<!DOCTYPE Section SYSTEM "section.dtd">

<Section index="45" thickness="0.05" alignLocked="true">
<Transform dim="0"
 xcoef=" 0 1 0 0 0 0"
 ycoef=" 0 0 1 0 0 0">
<Image mag="0.00254" contrast="1" brightness="0" red="true" green="true" blue="true"
 src="..\images\FWNGV.45.jpg" />
<Contour name="domain1" type="line" hidden="false" closed="true" simplified="false" border="1 0 1" fill="1 0 1" mode="11"
 points="0 0,
	4095 0,
	4095 4095,
	0 4095,
	"/>
</Transform>

<Transform dim="0"
 xcoef=" 0 1 0 0 0 0"
 ycoef=" 0 0 1 0 0 0">
<Contour name="bob001" hidden="false" closed="true" simplified="false" border="0.0 0.5 0.0" fill="0.0 0.5 0.0" mode="13"
 points="  7.570421770766138 6.574164469222035,
  7.601599097414744 6.59683888860284,
  7.627107819218149 6.633684820096647,
  7.651199389810254 6.650690634632251,
  7.67812526282496 6.657776390688753,
  7.710719740684866 6.654942088266152,
  7.765988637925577 6.654942088266152,
  7.784411603672481 6.6606106931113525,
  7.815588930321088 6.654942088266152,
  7.849600559392294 6.643604878575749,
  7.8666063739278975 6.629433366462746,
  7.900618002999105 6.637936273730548,
  7.92896102722511 6.659193541900052,
  7.968641261141518 6.681867961280857,
  8.028161612016131 6.707376683084262,
  8.08059620683424 6.722965346408565,
  8.151453767399255 6.730051102465067,
  8.213808420696468 6.725799648831166,
  8.264825864303278 6.711628136718163,
  8.283248830050182 6.681867961280857,
  8.308757551853587 6.639353424941849,
  8.32718051760049 6.603924644659341,
  8.332849122445692 6.565661561954234,
  8.32151191275529 6.541569991362128,
  8.298837493374485 6.511809815924822,
  8.280414527627581 6.487718245332718,
  8.26907731793718 6.462209523529313,
  8.27332877157108 6.425363592035505,
  8.304506098219687 6.391351962964298,
  8.342769180924794 6.3828490556964965,
  8.392369473320304 6.381431904485196,
  8.439135463293214 6.388517660541697,
  8.485901453266123 6.367260392372193,
  8.52133023354863 6.343168821780088,
  8.522747384759931 6.314825797554082,
  8.51849593112603 6.263808353947272,
  8.536918896872933 6.208539456706561,
  8.562427618676338 6.15610486188845,
  8.589353491691044 6.117841779183342,
  8.621947969550952 6.093750208591238,
  8.638953784086555 6.045567067407028,
  8.650290993776958 5.998801077434118,
  8.657376749833459 5.971875204419413,
  8.650290993776958 5.95770369230641,
  8.633285179241353 5.953452238672509,
  8.597856398958847 5.960537994729011,
  8.552507560197236 5.976126658053314,
  8.525581687182532 5.997383926222818,
  8.531250292027734 6.014389740758421,
  8.553924711408538 6.031395555294025,
  8.576599130789342 6.031395555294025,
  8.578016282000641 6.05690427709743,
  8.565261921098939 6.088081603746036,
  8.541170350506835 6.1376818961415465,
  8.505741570224327 6.171693525212754,
  8.456141277828818 6.20712230549526,
  8.405123834222007 6.234048178509966,
  8.339934878502193 6.256722597890771,
  8.274745922782381 6.270894110003773,
  8.212391269485169 6.270894110003773,
  8.155705221033156 6.263808353947272,
  8.097602021369845 6.2524711442568695,
  8.045167426551734 6.235465329721267,
  7.97714416840932 6.195785095804858,
  7.937463934492912 6.168859222790153,
  7.904869456633006 6.168859222790153,
  7.869440676350498 6.15327055946585,
  7.835429047279291 6.15327055946585,
  7.797165964574184 6.163190617944951,
  7.760320033080376 6.194367944593558,
  7.727725555220469 6.195785095804858,
  7.68095956524756 6.205705154283961,
  7.607267702259945 6.231213876087366,
  7.564753165920936 6.268059807581173,
  7.53074153684973 6.311991495131482,
  7.485392698088121 6.35025457783659,
  7.43579240569261 6.375763299639995,
  7.379106357240599 6.4012720214434005,
  7.347929030591993 6.423946440824205,
  7.33375751847899 6.44662086020501,
  7.3139174015207855 6.44662086020501,
  7.278488621238278 6.435283650514607,
  7.243059840955771 6.432449348092007,
  7.2288883288427686 6.455123767472811,
  7.2359740848992695 6.474963884431015,
  7.255814201857474 6.487718245332718,
  7.2912429821399805 6.494804001389219,
  7.359266240282395 6.4976383038118195,
  7.397529322987502 6.491969698966619,
  7.438626708115211 6.507558362290922,
  7.48114124445422 6.541569991362128,
  7.525072932004528 6.561410108320333,
  "/>
</Transform>

</Section>
