<?xml version="1.0"?>
<!DOCTYPE Section SYSTEM "section.dtd">

<Section index="37" thickness="0.05" alignLocked="true">
<Transform dim="0"
 xcoef=" 0 1 0 0 0 0"
 ycoef=" 0 0 1 0 0 0">
<Image mag="0.00254" contrast="1" brightness="0" red="true" green="true" blue="true"
 src="..\images\FWNGV.37.jpg" />
<Contour name="domain1" type="line" hidden="false" closed="true" simplified="false" border="1 0 1" fill="1 0 1" mode="11"
 points="0 0,
	4095 0,
	4095 4095,
	0 4095,
	"/>
</Transform>

<Transform dim="0"
 xcoef=" 0 1 0 0 0 0"
 ycoef=" 0 0 1 0 0 0">
<Contour name="bob001" type="line" hidden="false" closed="true" simplified="true" border="0 0.5 0" fill="0 0.5 0" mode="13"
 points="7.37457 6.80318,
	7.46385 6.66033,
	7.51742 6.5889,
	7.58884 6.57105,
	7.64241 6.51748,
	7.71384 6.53533,
	7.74955 6.57105,
	7.78526 6.55319,
	7.85669 6.57105,
	7.99954 6.66033,
	8.14238 6.60676,
	8.21381 6.46391,
	8.28523 6.41034,
	8.32095 6.39249,
	8.3388 6.32106,
	8.46379 6.26749,
	8.53522 6.26749,
	8.67807 6.16036,
	8.82092 6.08893,
	8.85663 6.03536,
	8.92805 5.9818,
	8.96376 5.94608,
	9.10661 5.99965,
	9.17804 6.01751,
	9.19589 6.05322,
	9.16018 6.12464,
	9.08876 6.17821,
	9.05305 6.17821,
	9.01733 6.1425,
	8.87448 6.19607,
	8.58879 6.37463,
	8.44594 6.4282,
	8.39237 6.49962,
	8.39237 6.57105,
	8.42808 6.64247,
	8.42808 6.67818,
	8.49951 6.7139,
	8.49951 6.74961,
	8.46379 6.78532,
	8.39237 6.80318,
	8.35666 6.83889,
	8.21381 6.8746,
	8.14238 6.91031,
	8.10667 6.91031,
	7.98168 7.03531,
	7.91025 7.07102,
	7.78526 7.35672,
	7.73169 7.49956,
	7.71384 7.53528,
	7.64241 7.51742,
	7.58884 7.446,
	7.55313 7.321,
	7.62456 7.30315,
	7.66027 7.23172,
	7.66027 7.1603,
	7.53528 7.07102,
	7.46385 7.08887,
	7.41028 7.01745,
	7.37457 6.99959,
	7.39243 6.92817,
	7.37457 6.85674,
	7.37457 6.82103,
	"/>
<Contour name="Bobs_Dark_Blob" type="line" hidden="false" closed="true" simplified="true" border="1 0 1" fill="1 0 1" mode="13"
 points="5.03529 0.836185,
	5.12618 0.690762,
	5.19889 0.61805,
	5.34431 0.563516,
	5.48974 0.545338,
	5.63516 0.599872,
	5.70787 0.636228,
	5.90783 0.927075,
	6.1805 1.18157,
	6.32592 1.30881,
	6.39863 1.36335,
	6.45317 1.65419,
	6.52588 1.79962,
	6.54406 1.87233,
	6.52588 2.01775,
	6.59859 2.16317,
	6.61677 2.3086,
	6.54406 2.38131,
	6.39863 2.39949,
	6.25321 2.3086,
	6.10779 2.16317,
	5.94419 1.89051,
	5.87147 1.74508,
	5.58063 1.61784,
	5.4352 1.5633,
	5.28978 1.45424,
	5.12618 1.16339,
	5.07165 1.09068,
	5.03529 0.945253,
	5.03529 0.872541,
	5.03529 0.854363,
	"/>
</Transform>

<Transform dim="0"
 xcoef=" 0 1 0 0 0 0"
 ycoef=" 0 0 1 0 0 0">
<Contour name="d01" hidden="false" closed="true" simplified="false" border="1.0 1.0 0.0" fill="1.0 1.0 0.0" mode="13"
 points="  5.07056703403243 5.209447852739858,
  5.117333024005339 5.229287969698062,
  5.1513446530765465 5.239208028177164,
  5.16976761882345 5.2363737257545635,
  5.193859189415555 5.232122272120662,
  5.22078506243026 5.240625179388465,
  5.234956574543263 5.229287969698062,
  5.259048145135368 5.21795076000766,
  5.293059774206575 5.178270526091252,
  5.307231286319578 5.155596106710447,
  5.31998564722128 5.144258897020045,
  5.334157159334284 5.142841745808744,
  5.359665881137689 5.162681862766949,
  5.406431871110598 5.1881905845703535,
  5.447529256238306 5.21795076000766,
  5.474455129253012 5.246293784233665,
  5.51696966559202 5.273219657248371,
  5.543895538606726 5.293059774206575,
  5.577907167677933 5.310065588742178,
  5.597747284636137 5.308648437530878,
  5.609084494326539 5.297311227840476,
  5.627507460073443 5.271802506037071,
  5.637427518552545 5.251962389078867,
  5.633176064918644 5.232122272120662,
  5.616170250383041 5.209447852739858,
  5.5963301334248365 5.185356282147753,
  5.577907167677933 5.162681862766949,
  5.558067050719729 5.12441878006184,
  5.548146992240627 5.084738546145433,
  5.535392631338924 5.059229824342028,
  5.525472572859822 5.0323039513273224,
  5.51130106074682 5.001126624678716,
  5.490043792577315 4.97278360045271,
  5.4588664659287085 4.952943483494506,
  5.443277802604405 4.947274878649305,
  5.434774895336604 4.931686215325001,
  5.417769080801 4.900508888676395,
  5.400763266265397 4.8877545277746925,
  5.36816878840549 4.867914410816488,
  5.349745822658586 4.8509085962808856,
  5.329905705700383 4.833902781745282,
  5.31998564722128 4.8211484208435795,
  5.302979832685677 4.806976908730577,
  5.278888262093572 4.797056850251474,
  5.256213842712768 4.794222547828873,
  5.230705120909362 4.7913882454062735,
  5.209447852739858 4.792805396617573,
  5.192442038204255 4.785719640561072,
  5.16976761882345 4.764462372391567,
  5.1584304091330475 4.753125162701165,
  5.141424594597444 4.7616280699689675,
  5.125835931273141 4.777216733293271,
  5.096075755835835 4.808394059941876,
  5.060646975553328 4.838154235379182,
  5.039389707383823 4.865080108393888,
  5.033721102538622 4.894840283831194,
  5.0209667416369195 4.927434761691101,
  4.9912065661996134 4.951526332283206,
  4.951526332283206 4.982703658931812,
  4.917514703211999 5.015298136791719,
  4.918931854423299 5.045058312229025,
  4.926017610479801 5.108830116737537,
  4.941606273804104 5.162681862766949,
  4.955777785917107 5.227870818486762,
  4.958612088339707 5.249128086656266,
  4.979869356509211 5.270385354825771,
  4.995458019833515 5.270385354825771,
  5.005378078312616 5.251962389078867,
  5.016715288003019 5.233539423331963,
  5.030886800116022 5.212282155162459,
  5.049309765862925 5.205196399105957,
  "/>
</Transform>

</Section>