<?xml version="1.0"?>
<!DOCTYPE Section SYSTEM "section.dtd">

<Section index="49" thickness="0.05" alignLocked="true">
<Transform dim="0"
 xcoef=" 0 1 0 0 0 0"
 ycoef=" 0 0 1 0 0 0">
<Image mag="0.00254" contrast="1" brightness="0" red="true" green="true" blue="true"
 src="..\images\FWNGV.49.jpg" />
<Contour name="domain1" type="line" hidden="false" closed="true" simplified="false" border="1 0 1" fill="1 0 1" mode="11"
 points="0 0,
	4095 0,
	4095 4095,
	0 4095,
	"/>
</Transform>

<Transform dim="0"
 xcoef=" 0 1 0 0 0 0"
 ycoef=" 0 0 1 0 0 0">
<Contour name="bob001" type="line" hidden="false" closed="true" simplified="true" border="0 0.5 0" fill="0 0.5 0" mode="11"
 points="7.44919 6.29288,
	7.46468 6.26189,
	7.46856 6.25414,
	7.47243 6.25027,
	7.48018 6.25027,
	7.49567 6.25995,
	7.51117 6.26189,
	7.51892 6.26189,
	7.54603 6.23284,
	7.56347 6.20185,
	7.56734 6.1941,
	7.59833 6.16311,
	7.62932 6.14568,
	7.66031 6.13599,
	7.6913 6.13018,
	7.72229 6.1205,
	7.73778 6.10888,
	7.74553 6.10113,
	7.77652 6.08564,
	7.79202 6.07789,
	7.82301 6.07208,
	7.854 6.06239,
	7.91597 6.03721,
	7.93147 6.02947,
	7.96246 6.02366,
	7.97021 6.02366,
	8.0012 6.03721,
	8.01669 6.04496,
	8.04768 6.04884,
	8.06318 6.04302,
	8.09417 6.03915,
	8.10191 6.03721,
	8.1329 6.0469,
	8.25686 6.11082,
	8.31884 6.13406,
	8.34983 6.14374,
	8.36533 6.14762,
	8.42731 6.15343,
	8.4583 6.1573,
	8.48929 6.15343,
	8.55127 6.13987,
	8.58226 6.12437,
	8.61325 6.06433,
	8.62874 6.03334,
	8.63649 6.01785,
	8.65973 5.98686,
	8.66554 5.98104,
	8.69653 5.97523,
	8.71203 5.96555,
	8.71977 5.95974,
	8.73527 5.95587,
	8.74302 5.95393,
	8.74689 5.95393,
	8.75076 5.96168,
	8.75076 5.96555,
	8.73527 5.97717,
	8.72752 5.98298,
	8.68878 6.04496,
	8.68685 6.07595,
	8.68878 6.0837,
	8.71977 6.09532,
	8.73527 6.09919,
	8.74108 6.10113,
	8.72559 6.105,
	8.71784 6.10694,
	8.71203 6.1205,
	8.71009 6.12825,
	8.72365 6.15924,
	8.72559 6.16698,
	8.72171 6.18248,
	8.71977 6.19023,
	8.66167 6.24059,
	8.63843 6.27157,
	8.62874 6.28707,
	8.6055 6.34905,
	8.59775 6.41103,
	8.59582 6.42652,
	8.60937 6.4885,
	8.61518 6.51949,
	8.61712 6.53499,
	8.65392 6.59697,
	8.66554 6.61246,
	8.67135 6.61827,
	8.73333 6.63183,
	8.74883 6.63571,
	8.7527 6.63571,
	8.77013 6.6667,
	8.79919 6.68413,
	8.81468 6.69188,
	8.84567 6.69575,
	8.86117 6.69769,
	8.89216 6.688,
	8.92315 6.67444,
	8.93864 6.66476,
	8.94639 6.66089,
	8.94833 6.65895,
	8.95026 6.66282,
	8.9367 6.69381,
	8.92896 6.70931,
	8.92508 6.7248,
	8.92508 6.72868,
	8.94833 6.75773,
	8.97931 6.7616,
	9.0103 6.75385,
	9.04129 6.7403,
	9.05679 6.73255,
	9.08778 6.73061,
	9.10327 6.73255,
	9.11877 6.74804,
	9.12652 6.75579,
	9.13426 6.75773,
	9.16525 6.75385,
	9.19624 6.75579,
	9.21174 6.75773,
	9.24273 6.78097,
	9.27372 6.7984,
	9.28147 6.80228,
	9.28534 6.81777,
	9.28534 6.82552,
	9.31439 6.85264,
	9.34345 6.88362,
	9.37444 6.91074,
	9.38993 6.92236,
	9.39768 6.92817,
	9.39962 6.95916,
	9.39962 6.96691,
	9.39187 6.98241,
	9.38025 6.99596,
	9.36475 7.00177,
	9.357 7.00565,
	9.29502 6.98628,
	9.23304 6.97272,
	9.20205 6.96885,
	9.14007 6.97853,
	9.12458 6.97853,
	9.09359 6.97078,
	9.0626 6.97853,
	9.04711 6.97853,
	9.03742 6.96497,
	9.02386 6.95529,
	9.01612 6.95142,
	8.95414 6.94948,
	8.89216 6.95142,
	8.86117 6.93011,
	8.84567 6.92043,
	8.81662 6.88944,
	8.80112 6.87394,
	8.77982 6.84295,
	8.75076 6.81583,
	8.74302 6.80809,
	8.70622 6.74611,
	8.70234 6.73836,
	8.67135 6.71318,
	8.64617 6.68413,
	8.61518 6.67638,
	8.59969 6.67251,
	8.53771 6.63958,
	8.49704 6.5776,
	8.43506 6.55048,
	8.37308 6.53693,
	8.36533 6.53499,
	8.33434 6.5408,
	8.31884 6.54467,
	8.28785 6.5408,
	8.22587 6.52143,
	8.19488 6.51175,
	8.17939 6.50981,
	8.11741 6.51368,
	8.05543 6.52143,
	7.99345 6.53886,
	7.97795 6.5408,
	7.97021 6.54274,
	7.90823 6.5253,
	7.87724 6.51175,
	7.81526 6.49238,
	7.75328 6.48463,
	7.74553 6.48269,
	7.74166 6.48269,
	7.73197 6.4672,
	7.7281 6.45945,
	7.69905 6.44977,
	7.68355 6.44396,
	7.65256 6.41684,
	7.59058 6.38391,
	7.5286 6.3568,
	7.49761 6.3413,
	7.48212 6.33355,
	7.46662 6.32,
	7.45887 6.31225,
	7.45113 6.29675,
	7.44919 6.29482,
	"/>
<Contour name="Bobs_Dark_Blob" type="line" hidden="false" closed="true" simplified="true" border="1 0 1" fill="1 0 1" mode="13"
 points="5.01117 0.844424,
	5.02501 0.789052,
	5.13576 0.678308,
	5.2465 0.609093,
	5.35725 0.59525,
	5.41262 0.581407,
	5.52336 0.650622,
	5.62026 0.747523,
	5.66179 0.802895,
	5.70332 0.913639,
	5.71717 1.02438,
	5.74485 1.07976,
	5.96634 1.14897,
	6.07708 1.24587,
	6.13246 1.2874,
	6.18783 1.39814,
	6.18783 1.50889,
	6.25704 1.61963,
	6.28473 1.675,
	6.27089 1.78575,
	6.22936 1.89649,
	6.20167 1.95187,
	6.09093 1.99339,
	6.06324 1.99339,
	6.00787 1.93802,
	5.89713 1.88265,
	5.67564 1.73038,
	5.62026 1.68885,
	5.57874 1.5781,
	5.49568 1.46736,
	5.38493 1.39814,
	5.16345 1.20434,
	5.06654 1.0936,
	5.02501 1.03823,
	5.01117 0.927482,
	5.01117 0.87211,
	5.01117 0.858267,
	"/>
</Transform>

<Transform dim="0"
 xcoef=" 0 1 0 0 0 0"
 ycoef=" 0 0 1 0 0 0">
<Contour name="d01" hidden="false" closed="true" simplified="false" border="1.0 1.0 0.0" fill="1.0 1.0 0.0" mode="13"
 points="  5.539644084972825 5.878343224473594,
  5.569404260410131 5.874091770839693,
  5.604833040692639 5.868423165994492,
  5.641678972186446 5.85850310751539,
  5.671439147623752 5.840080141768486,
  5.677107752468953 5.821657176021582,
  5.668604845201151 5.790479849372976,
  5.664353391567251 5.767805429992172,
  5.664353391567251 5.730959498498364,
  5.672856298835052 5.695530718215856,
  5.685610659736755 5.672856298835052,
  5.71395368396276 5.657267635510749,
  5.7408795569774655 5.641678972186446,
  5.7522167666678685 5.630341762496044,
  5.772056883626072 5.590661528579635,
  5.8003999078520785 5.5594842019310295,
  5.823074327232883 5.541061236184126,
  5.8301600832893845 5.51555251438072,
  5.828742932078084 5.485792338943414,
  5.821657176021582 5.4588664659287085,
  5.821657176021582 5.446112105027006,
  5.827325780866784 5.426271988068802,
  5.835828688134585 5.405014719899298,
  5.828742932078084 5.3809231493071925,
  5.814571419965081 5.352580125081187,
  5.797565605429478 5.325654252066482,
  5.787645546950375 5.290225471783974,
  5.7819769421051745 5.271802506037071,
  5.787645546950375 5.257630993924068,
  5.779142639682574 5.233539423331963,
  5.76071967393567 5.210865003951159,
  5.733793800920965 5.179687677302552,
  5.7224565912305625 5.142841745808744,
  5.726708044864463 5.12441878006184,
  5.732376649709664 5.100327209469736,
  5.728125196075763 5.083321394934132,
  5.715370835174061 5.0620641267646285,
  5.7040336254836586 5.0323039513273224,
  5.694113567004557 5.001126624678716,
  5.696947869427157 4.957194937128407,
  5.7111193815401595 4.9246004592685,
  5.728125196075763 4.890588830197293,
  5.728125196075763 4.865080108393888,
  5.705450776694959 4.855160049914786,
  5.675690601257653 4.856577201126086,
  5.640261820975145 4.8764173180842905,
  5.594912982213536 4.880668771718192,
  5.542478387395426 4.884920225352092,
  5.501381002267717 4.879251620506891,
  5.460283617140009 4.869331562027789,
  5.441860651393105 4.852325747492186,
  5.403597568687998 4.82681702568878,
  5.36958593961679 4.808394059941876,
  5.332740008122983 4.7984740014627745,
  5.294476925417875 4.792805396617573,
  5.283139715727473 4.785719640561072,
  5.242042330599765 4.7616280699689675,
  5.191024886992954 4.7432051042220635,
  5.161264711555648 4.741787953010763,
  5.134338838540943 4.7616280699689675,
  5.11875017521664 4.7913882454062735,
  5.114498721582739 4.812645513575777,
  5.103161511892337 4.82256557205488,
  5.086155697356733 4.82681702568878,
  5.066315580398529 4.8509085962808856,
  5.054978370708127 4.893423132619894,
  5.054978370708127 4.916097552000698,
  5.0734013364550306 4.920349005634599,
  5.096075755835835 4.9231833080572,
  5.138590292174844 4.947274878649305,
  5.17260192124605 4.978452205297911,
  5.195276340626855 5.0209667416369195,
  5.185356282147753 5.0620641267646285,
  5.175436223668651 5.094658604624534,
  5.16835046761215 5.131504536118342,
  5.161264711555648 5.164099013978249,
  5.132921687329643 5.196693491838156,
  5.108830116737537 5.242042330599765,
  5.097492907047135 5.294476925417875,
  5.081904243722832 5.341242915390785,
  5.039389707383823 5.3738373932506915,
  4.992623717410914 5.400763266265397,
  4.940189122592804 5.436192046547904,
  4.897674586253795 5.467369373196511,
  4.87500016687299 5.51555251438072,
  4.899091737465095 5.573655714044032,
  4.961446390762307 5.645930425820347,
  5.0507269170742255 5.705450776694959,
  5.104578663103637 5.7224565912305625,
  5.155596106710447 5.750799615456568,
  5.192442038204255 5.76213682514697,
  5.234956574543263 5.773474034837372,
  5.26755105240317 5.774891186048673,
  5.300145530263077 5.766388278780871,
  5.348328671447287 5.757885371513069,
  5.4149347783784 5.746548161822667,
  5.454615012294807 5.733793800920965,
  5.475872280464312 5.7111193815401595,
  5.492878094999916 5.685610659736755,
  5.51130106074682 5.658684786722049,
  5.5297240264937235 5.670021996412451,
  5.538226933761525 5.694113567004557,
  5.531141177705023 5.739462405766166,
  5.528306875282423 5.8003999078520785,
  5.519803968014621 5.845748746613688,
  5.51413536316942 5.868423165994492,
  5.524055421648522 5.878343224473594,
  "/>
</Transform>

</Section>