<?xml version="1.0"?>
<!DOCTYPE Section SYSTEM "section.dtd">

<Section index="19" thickness="0.05" alignLocked="true">
<Transform dim="0"
 xcoef=" 0 1 0 0 0 0"
 ycoef=" 0 0 1 0 0 0">
<Image mag="0.00254" contrast="1" brightness="0" red="true" green="true" blue="true"
 src="..\images\FWNGV.19.jpg" />
<Contour name="domain1" type="line" hidden="false" closed="true" simplified="false" border="1 0 1" fill="1 0 1" mode="11"
 points="0 0,
	4095 0,
	4095 4095,
	0 4095,
	"/>
</Transform>

<Transform dim="0"
 xcoef=" 0 1 0 0 0 0"
 ycoef=" 0 0 1 0 0 0">
<Contour name="Bobs_Dark_Blob" type="line" hidden="false" closed="true" simplified="true" border="1 0 1" fill="1 0 1" mode="13"
 points="6.18968 3.78052,
	6.20451 3.72122,
	6.21192 3.69157,
	6.21192 3.67674,
	6.32311 3.56555,
	6.44172 3.46919,
	6.50102 3.42471,
	6.55291 3.36541,
	6.61221 3.2468,
	6.62704 3.21715,
	6.65669 3.1875,
	6.67151 3.17267,
	6.73081 3.17267,
	6.76047 3.17267,
	6.81977 3.21715,
	6.88648 3.33576,
	6.93096 3.45436,
	6.94579 3.51366,
	6.94579 3.57297,
	6.92355 3.63227,
	6.91613 3.66192,
	6.87166 3.72122,
	6.75305 3.78794,
	6.51584 3.84724,
	6.39724 3.8843,
	6.33794 3.89913,
	6.21933 3.89172,
	6.19709 3.83241,
	6.18968 3.80276,
	6.18968 3.78794,
	"/>
</Transform>

<Transform dim="0"
 xcoef=" 0 1 0 0 0 0"
 ycoef=" 0 0 1 0 0 0">
<Contour name="d01" type="line" hidden="false" closed="true" simplified="false" border="1 1 0" fill="1 1 0" mode="13"
 points="5.06485 5.33654,
	5.04724 5.32144,
	5.01789 5.30048,
	4.99609 5.28455,
	4.98183 5.2661,
	4.97428 5.23507,
	4.97261 5.20321,
	4.98519 5.17889,
	5.00783 5.14619,
	5.01454 5.11181,
	5.0204 5.08581,
	5.01537 5.06066,
	5.01873 5.04221,
	5.02627 5.02627,
	5.04556 5.01118,
	5.06317 5.00028,
	5.08162 5.00028,
	5.09252 4.99525,
	5.09336 4.98435,
	5.10342 4.97764,
	5.11181 4.96506,
	5.10929 4.95164,
	5.12019 4.92565,
	5.12439 4.90468,
	5.12858 4.89295,
	5.13864 4.88121,
	5.15457 4.87701,
	5.1638 4.86443,
	5.17889 4.83676,
	5.19231 4.81244,
	5.22333 4.78058,
	5.24681 4.76465,
	5.27113 4.75458,
	5.29545 4.74536,
	5.31893 4.74201,
	5.34241 4.74368,
	5.3617 4.75458,
	5.37427 4.77052,
	5.38434 4.79232,
	5.38769 4.81496,
	5.38601 4.83592,
	5.38182 4.85102,
	5.37427 4.87114,
	5.36757 4.88288,
	5.3617 4.89798,
	5.36421 4.90888,
	5.3726 4.91642,
	5.38769 4.91559,
	5.40782 4.91139,
	5.42459 4.90888,
	5.43884 4.90468,
	5.44807 4.90217,
	5.45142 4.90552,
	5.45058 4.91055,
	5.44555 4.91391,
	5.43465 4.92313,
	5.41956 4.93739,
	5.40949 4.95416,
	5.40446 4.96925,
	5.40446 4.98602,
	5.40949 5.00112,
	5.41117 5.01118,
	5.40865 5.01789,
	5.40362 5.02208,
	5.39104 5.02376,
	5.37763 5.02879,
	5.36589 5.04221,
	5.36253 5.05898,
	5.3617 5.07826,
	5.36505 5.10258,
	5.36924 5.12019,
	5.36924 5.14619,
	5.37427 5.17554,
	5.38014 5.19398,
	5.38853 5.20656,
	5.39859 5.2292,
	5.39943 5.24346,
	5.39021 5.25855,
	5.3793 5.27281,
	5.37176 5.28539,
	5.36673 5.29545,
	5.3617 5.30971,
	5.35331 5.32899,
	5.34828 5.34576,
	5.34912 5.36337,
	5.34996 5.37763,
	5.34409 5.39104,
	5.34325 5.40111,
	5.3466 5.41452,
	5.34576 5.42794,
	5.33905 5.438,
	5.33402 5.45561,
	5.32396 5.47238,
	5.31222 5.48329,
	5.2921 5.48999,
	5.27868 5.48748,
	5.26694 5.47825,
	5.26275 5.464,
	5.26107 5.4422,
	5.2552 5.42375,
	5.24262 5.40782,
	5.22669 5.40111,
	5.20489 5.39608,
	5.19231 5.39608,
	5.17638 5.39524,
	5.16044 5.38937,
	5.14367 5.38601,
	5.12522 5.38182,
	5.11013 5.37847,
	5.09755 5.37008,
	5.07826 5.35079,
	"/>
</Transform>

<Transform dim="0"
 xcoef=" 0 1 0 0 0 0"
 ycoef=" 0 0 1 0 0 0">
<Contour name="Java2018062016a" type="line" hidden="false" closed="true" simplified="false" border="1.0 0.0 0.0" fill="1.0 0.0 0.0" mode="13"
 points="5.85708595630409 9.25966601463608,
	5.821657176021582 9.221402931930973,
	5.773474034837372 9.184557000437165,
	5.715370835174061 9.167551185901562,
	5.640261820975145 9.140625312886856,
	5.573655714044032 9.123619498351253,
	5.5070496071129185 9.096693625336547,
	5.477289431675612 9.045676181729737,
	5.478706582886913 8.936555538459615,
	5.535392631338924 8.852943616992897,
	5.580741470100533 8.793423266118285,
	5.718205137596661 8.739571520088875,
	5.798982756640778 8.719731403130671,
	5.901017643854399 8.706977042228969,
	5.983212414109815 8.705559891017668,
	6.044149916195727 8.708394193440268,
	6.122093232817243 8.71406279828547,
	6.1901164909596575 8.733902915243673,
	6.238299632143867 8.749491578567977,
	6.292151378173278 8.772165997948782,
	6.340334519357488 8.803343324597387,
	6.374346148428694 8.828852046400794,
	6.406940626288601 8.8685322803172,
	6.433866499303306 8.882703792430204,
	6.474963884431015 8.898292455754508,
	6.491969698966619 8.920966875135312,
	6.507558362290922 8.950727050572619,
	6.530232781671726 8.96064710905172,
	6.565661561954234 8.96915001631952,
	6.59825603981414 8.980487226009924,
	6.632267668885347 8.996075889334227,
	6.6606106931113525 9.014498855081131,
	6.680450810069557 9.041424728095837,
	6.703125229450362 9.069767752321843,
	6.714462439140764 9.102362230181749,
	6.734302556098967 9.136373859252956,
	6.754142673057172 9.15763112742246,
	6.765479882747574 9.187391302859766,
	6.7683141851701745 9.232740141621376,
	6.762645580324974 9.261083165847381,
	6.7498912194232705 9.283757585228186,
	6.711628136718163 9.290843341284686,
	6.664862146745254 9.273837526749084,
	6.622347610406245 9.268168921903882,
	6.579833074067237 9.273837526749084,
	6.550072898629931 9.269586073115182,
	6.507558362290922 9.273837526749084,
	6.479215338064916 9.289426190073387,
	6.439535104148508 9.30218055097509,
	6.405523475077301 9.30643200460899,
	6.365843241160893 9.290843341284686,
	6.333248763300986 9.29792909734119,
	6.30207143665238 9.313517760665492,
	6.265225505158573 9.343277936102798,
	6.214208061551762 9.3546151457932,
	6.163190617944951 9.3602837506384,
	6.115007476760742 9.3588665994271,
	6.0894987549573365 9.344695087314097,
	6.080995847689535 9.320603516721993,
	6.061155730731331 9.300763399763788,
	6.038481311350527 9.296511946129888,
	6.001635379856719 9.307849155820291,
	5.967623750785512 9.307849155820291,
	5.930777819291705 9.293677643707287,
	5.891097585375296 9.275254677960383,
	"/>
</Transform>

<Transform dim="0"
 xcoef=" 0 1 0 0 0 0"
 ycoef=" 0 0 1 0 0 0">
<Contour name="bob001" hidden="false" closed="true" simplified="false" border="0.0 0.4666666666666667 0.0" fill="0.0 0.4666666666666667 0.0" mode="13"
 points="  7.271402865181777 8.17696248920266,
  7.257231353068774 8.138699406497553,
  7.227471177631468 8.116024987116749,
  7.186373792503759 8.134447952863653,
  7.1580307682777535 8.141533708920154,
  7.131104895263048 8.087681962890743,
  7.118350534361346 8.043750275340434,
  7.114099080727445 7.9743098659867195,
  7.131104895263048 7.897783700576504,
  7.124019139206547 7.83259474485669,
  7.095676114980541 7.739062764910872,
  7.081504602867538 7.68237671645886,
  7.084338905290139 7.634193575274651,
  7.099927568614442 7.588844736513042,
  7.0687502419658355 7.543495897751432,
  7.04040721773983 7.503815663835024,
  7.026235705626827 7.4400438593265115,
  7.0319043104720285 7.383357810874499,
  7.063081637120635 7.323837459999887,
  7.095676114980541 7.279905772449578,
  7.1282705928404475 7.248728445800972,
  7.135356348896949 7.221802572786267,
  7.108430475882244 7.175036582813357,
  7.081504602867538 7.1211848367839465,
  7.094258963769241 7.0616644859093345,
  7.152362163432553 7.037572915317229,
  7.192042397348961 7.04182436895113,
  7.23739123611057 7.08859035892404,
  7.268568562759176 7.101344719825742,
  7.306831645464284 7.099927568614442,
  7.345094728169392 7.118350534361346,
  7.3847749620858 7.167950826756856,
  7.410283683889205 7.230305480054068,
  7.43579240569261 7.267151411547876,
  7.520821478370627 7.301163040619083,
  7.597347643780843 7.3139174015207855,
  7.672456657979758 7.298328738196482,
  7.736228462488271 7.258648504280075,
  7.808503174264586 7.1877909437150596,
  7.834011896067991 7.1580307682777535,
  7.869440676350498 7.145276407376051,
  7.917623817534708 7.177870885235958,
  7.941715388126813 7.204796758250663,
  7.92754387601381 7.224636875208867,
  7.882195037252201 7.241642689744471,
  7.843931954547093 7.279905772449578,
  7.798583115785484 7.3507633330145925,
  7.774491545193379 7.417369439945706,
  7.7773258476159794 7.492478454144622,
  7.7773258476159794 7.522238629581928,
  7.754651428235175 7.557667409864435,
  7.727725555220469 7.578924678033939,
  7.686628170092761 7.588844736513042,
  7.668205204345857 7.610102004682545,
  7.63277642406335 7.658285145866755,
  7.593096190146942 7.6922967749379625,
  7.549164502596633 7.7291427064317695,
  7.510901419891526 7.754651428235175,
  7.457049673862114 7.761737184291676,
  7.43437525448131 7.798583115785484,
  7.43579240569261 7.846766256969694,
  7.454215371439514 7.911955212689507,
  7.493895605355922 7.968641261141518,
  7.522238629581928 8.009738646269227,
  7.550581653807933 8.052253182608235,
  7.556250258653135 8.091933416524643,
  7.539244444117531 8.135865104074952,
  7.525072932004528 8.178379640413961,
  7.527907234427129 8.216642723119069,
  7.549164502596633 8.256322957035477,
  7.587427585301741 8.300254644585786,
  7.618604911950348 8.359774995460398,
  7.627107819218149 8.403706683010707,
  7.595930492569543 8.410792439067208,
  7.5364101416949305 8.403706683010707,
  7.452798220228214 8.381032263629903,
  7.393277869353602 8.342769180924794,
  7.315334552732086 8.276163073993681,
  7.28557437729478 8.208139815851267,
  "/>
</Transform>

</Section>