<?xml version="1.0"?>
<!DOCTYPE Section SYSTEM "section.dtd">

<Section index="33" thickness="0.05" alignLocked="true">
<Transform dim="0"
 xcoef=" 0 1 0 0 0 0"
 ycoef=" 0 0 1 0 0 0">
<Image mag="0.00254" contrast="1" brightness="0" red="true" green="true" blue="true"
 src="..\images\FWNGV.33.jpg" />
<Contour name="domain1" type="line" hidden="false" closed="true" simplified="false" border="1 0 1" fill="1 0 1" mode="11"
 points="0 0,
	4095 0,
	4095 4095,
	0 4095,
	"/>
</Transform>

<Transform dim="0"
 xcoef=" 0 1 0 0 0 0"
 ycoef=" 0 0 1 0 0 0">
<Contour name="Bobs_Dark_Blob" type="line" hidden="false" closed="true" simplified="true" border="1 0 1" fill="1 0 1" mode="13"
 points="5.4267 0.979549,
	5.50507 0.901185,
	5.58343 0.862003,
	5.74016 0.881594,
	5.89689 0.940367,
	6.21034 1.19505,
	6.40625 1.50851,
	6.46502 1.66523,
	6.48461 1.82196,
	6.50421 1.90033,
	6.56298 1.97869,
	6.58257 2.13542,
	6.56298 2.29214,
	6.68052 2.42928,
	6.7393 2.58601,
	6.75889 2.74274,
	6.75889 2.8211,
	6.68052 2.86028,
	6.5238 2.8211,
	6.44543 2.78192,
	6.36707 2.70356,
	6.28871 2.66437,
	6.21034 2.58601,
	6.15157 2.42928,
	6.17116 2.11583,
	6.17116 2.03746,
	6.13198 1.9591,
	5.83811 1.70442,
	5.70098 1.56728,
	5.48547 1.25382,
	5.44629 1.09709,
	5.4267 1.01873,
	5.4267 0.99914,
	"/>
</Transform>

<Transform dim="0"
 xcoef=" 0 1 0 0 0 0"
 ycoef=" 0 0 1 0 0 0">
<Contour name="d01" hidden="false" closed="true" simplified="false" border="1.0 1.0 0.0" fill="1.0 1.0 0.0" mode="13"
 points="  5.206330120074998 5.456882454232889,
  5.272652796763851 5.449513267934128,
  5.320552507705801 5.451355564508818,
  5.359240735774299 5.440301785060676,
  5.407140446716249 5.418194226164391,
  5.467936233681031 5.390559777544035,
  5.525047427496433 5.397928963842797,
  5.56005106241555 5.408982743290939,
  5.587685511035906 5.421878819313772,
  5.6171622562309516 5.41266733644032,
  5.6484812980006875 5.386875184394655,
  5.6484812980006875 5.348186956326157,
  5.6355852219778555 5.307656431682968,
  5.619004552805642 5.283706576211994,
  5.589527807610596 5.252387534442257,
  5.563735655564931 5.241333754994115,
  5.541628096668646 5.241333754994115,
  5.519520537772362 5.221068492672521,
  5.490043792577316 5.204487823500307,
  5.469778530255722 5.187907154328094,
  5.467936233681031 5.1676418920065,
  5.46240934395696 5.132638257087383,
  5.449513267934128 5.086580842720124,
  5.423721115888462 5.027627352330032,
  5.405298150141558 4.992623717410915,
  5.381348294670584 4.96867386193994,
  5.36476762549837 4.959462379066488,
  5.351871549475538 4.944724006468965,
  5.340817770027395 4.92261644757268,
  5.331606287153943 4.915247261273919,
  5.320552507705801 4.9189318544233,
  5.289233465936065 4.933670227020823,
  5.26712590703978 4.939197116744894,
  5.241333754994115 4.931827930446132,
  5.198960933776236 4.92077415099799,
  5.1713264851558804 4.929985633871442,
  5.1418497399608345 4.946566303043655,
  5.1160575879151695 4.953935489342417,
  5.097634622168266 4.976043048238701,
  5.097634622168266 5.007362090008438,
  5.1086884016164085 5.040523428352865,
  5.1050038084670275 5.057104097525078,
  5.0902654358695045 5.073684766697291,
  5.062630987249149 5.1068461050417175,
  5.033154242054103 5.147376629684906,
  5.01841586945658 5.189749450902784,
  5.011046683157819 5.235806865270044,
  5.003677496859057 5.268968203614471,
  5.014731276307199 5.294760355660136,
  5.031311945479413 5.331606287153943,
  5.049734911226317 5.370294515222441,
  5.060788690674459 5.403455853566868,
  5.071842470122601 5.455040157658199,
  5.0755270632719816 5.495570682301387,
  5.073684766697291 5.525047427496433,
  5.082896249570743 5.541628096668646,
  5.097634622168266 5.543470393243337,
  5.1197421810645505 5.528732020645814,
  5.1289536639380024 5.51030905489891,
  5.149218926259596 5.477147716554483,
  5.16948418858119 5.46240934395696,
  "/>
</Transform>

</Section>