<?xml version="1.0"?>
<!DOCTYPE Section SYSTEM "section.dtd">

<Section index="14" thickness="0.05" alignLocked="true">
<Transform dim="0"
 xcoef=" 0 1 0 0 0 0"
 ycoef=" 0 0 1 0 0 0">
<Image mag="0.00254" contrast="1" brightness="0" red="true" green="true" blue="true"
 src="..\images\FWNGV.14.jpg" />
<Contour name="domain1" type="line" hidden="false" closed="true" simplified="false" border="1 0 1" fill="1 0 1" mode="11"
 points="0 0,
	4095 0,
	4095 4095,
	0 4095,
	"/>
</Transform>

<Transform dim="0"
 xcoef=" 0 1 0 0 0 0"
 ycoef=" 0 0 1 0 0 0">
<Contour name="Bobs_Dark_Blob" type="line" hidden="false" closed="true" simplified="true" border="1 0 1" fill="1 0 1" mode="13"
 points="6.29324 4.21766,
	6.23983 4.2024,
	6.20276 4.19913,
	6.15807 4.17842,
	6.09484 4.13808,
	6.05996 4.08576,
	6.03161 4.0258,
	6.04688 3.9484,
	6.12754 3.85574,
	6.18859 3.80669,
	6.28997 3.76635,
	6.36955 3.72929,
	6.44913 3.70858,
	6.52217 3.6617,
	6.63663 3.61592,
	6.72602 3.59193,
	6.82304 3.57885,
	6.86991 3.60392,
	6.89172 3.64426,
	6.9048 3.69331,
	6.90044 3.72275,
	6.87209 3.76853,
	6.85138 3.80451,
	6.82958 3.84048,
	6.82413 3.85901,
	6.81759 3.8819,
	6.79906 3.92987,
	6.79033 3.96802,
	6.77725 4.00291,
	6.76962 4.03016,
	6.73038 4.07704,
	6.69876 4.12064,
	6.68677 4.14244,
	6.64317 4.19695,
	6.5952 4.24164,
	6.51017 4.27544,
	6.44477 4.28743,
	6.38263 4.2689,
	6.35211 4.246,
	"/>
</Transform>

<Transform dim="0"
 xcoef=" 0 1 0 0 0 0"
 ycoef=" 0 0 1 0 0 0">
<Contour name="d01" type="line" hidden="false" closed="true" simplified="false" border="1.0 1.0 0.0" fill="1.0 1.0 0.0" mode="13"
 points="5.217722416116535 5.442196071798146,
	5.231268240166288 5.448001424962326,
	5.247394221177897 5.452516699645577,
	5.264810280670437 5.453161738886041,
	5.278356104720189 5.455741895847899,
	5.2912568895294765 5.459612131290686,
	5.3015775173769075 5.457677013569292,
	5.30931798826248 5.450581581924184,
	5.322218773071768 5.444776228760004,
	5.351245538892666 5.424780012305607,
	5.368661598385205 5.420909776862821,
	5.385432618637279 5.4118792274963194,
	5.394463168003781 5.4054288350916755,
	5.408008992053533 5.404138756610747,
	5.421554816103286 5.39575324648471,
	5.429295286988858 5.382207422434957,
	5.433810561672109 5.367371519904276,
	5.437680797114896 5.355115774335452,
	5.436390718633967 5.338344754083378,
	5.435745679393502 5.3164134199075885,
	5.437680797114896 5.295127124972264,
	5.440905993317218 5.275130908517867,
	5.442841111038611 5.258359888265792,
	5.440905993317218 5.2467491819374334,
	5.442841111038611 5.228043043963965,
	5.4454212680004686 5.204176592066783,
	5.449291503443255 5.1874055718147085,
	5.450581581924184 5.16998951232217,
	5.456386935088363 5.156443688272417,
	5.457677013569292 5.1409627465012715,
	5.46025717053115 5.128707000932448,
	5.465417484454865 5.115161176882696,
	5.465417484454865 5.103550470554336,
	5.459612131290686 5.090004646504584,
	5.453806778126506 5.075813783214367,
	5.4434861502790755 5.060977880683686,
	5.435745679393502 5.053882449038578,
	5.42800520850793 5.0435618211911475,
	5.418974659141428 5.02937095790093,
	5.417039541420035 5.022275526255822,
	5.418974659141428 5.015180094610714,
	5.424134973065144 5.006149545244212,
	5.4305853654697875 4.99131364271353,
	5.43832583635536 4.9803479756256355,
	5.447356385721862 4.961641837652168,
	5.452516699645577 4.949386092083345,
	5.456386935088363 4.934550189552663,
	5.457677013569292 4.919069247781517,
	5.458967092050221 4.902943266769908,
	5.461547249012079 4.881656971834582,
	5.464127405973936 4.866176030063437,
	5.465417484454865 4.855855402216006,
	5.468642680657187 4.847469892089969,
	5.467997641416723 4.839084381963932,
	5.462837327493007 4.830698871837895,
	5.449291503443255 4.818443126269071,
	5.436390718633967 4.813282812345356,
	5.421554816103286 4.8087675376621055,
	5.409299070534463 4.809412576902569,
	5.397688364206103 4.81973320475,
	5.386722697118208 4.8300538325974305,
	5.374466951549384 4.832633989559288,
	5.363501284461489 4.829408793356966,
	5.3544707350949885 4.820378243990464,
	5.346730264209415 4.810702655383499,
	5.340924911045236 4.8087675376621055,
	5.335119557881056 4.811992733864427,
	5.326089008514555 4.815862969307214,
	5.306092792060158 4.816508008547678,
	5.293837046491334 4.815862969307214,
	5.272550751556009 4.81973320475,
	5.26094004522765 4.828118714876037,
	5.254489652823006 4.831988950318824,
	5.238363671811396 4.833924068040217,
	5.232558318647216 4.841019499685325,
	5.231268240166288 4.848759970570899,
	5.225462887002108 4.853920284494613,
	5.217722416116535 4.8532752452541486,
	5.202886513585854 4.853920284494613,
	5.195791081940746 4.860370676899257,
	5.184180375612386 4.8681111477848305,
	5.174504787005421 4.875206579429938,
	5.170634551562634 4.8829470503155115,
	5.167409355360312 4.894557756643871,
	5.167409355360312 4.904878384491301,
	5.1622490414365965 4.915844051579196,
	5.154508570551024 4.92229444398384,
	5.14805817814638 4.931324993350342,
	5.1493482566273086 4.9377753857549855,
	5.157733766753346 4.949386092083345,
	5.162894080677061 4.964221994614026,
	5.15966888447474 4.977767818663779,
	5.156443688272417 4.99131364271353,
	5.14805817814638 5.00292434904189,
	5.136447471818021 5.010019780686998,
	5.132577236375234 5.015825133851178,
	5.125481804730126 5.0267908009390725,
	5.120966530046875 5.039046546507897,
	5.113871098401766 5.0435618211911475,
	5.1029054313138715 5.046141978153004,
	5.08935960726412 5.047432056633934,
	5.084199293340404 5.053237409798113,
	5.07774890093576 5.062912998405079,
	5.070653469290652 5.072588587012045,
	5.066138194607401 5.082264175619011,
	5.056462606000435 5.091294724985513,
	5.049367174355327 5.098390156630622,
	5.0416267034697535 5.111935980680373,
	5.03969158574836 5.130642118653841,
	5.0435618211911475 5.143542903463129,
	5.055172527519506 5.1622490414365965,
	5.0667832338478656 5.182890297131458,
	5.075168743973903 5.204821631307247,
	5.0732336262525095 5.2235277692807145,
	5.071298508531116 5.23900871105186,
	5.074523704733438 5.252554535101613,
	5.075168743973903 5.269325555353687,
	5.08355425409994 5.289321771808083,
	5.0945199211878345 5.310608066743409,
	5.107420705997122 5.3228638123122325,
	5.120966530046875 5.339634832564307,
	5.130642118653841 5.35769593129731,
	5.140317707260807 5.3693066376256695,
	5.151283374348702 5.380272304713564,
	5.169344473081705 5.391237971801459,
	5.186115493333779 5.403493717370282,
	5.200951395864461 5.420264737622357,
	5.208046827509569 5.432520483191181,
	"/>
</Transform>

</Section>