<?xml version="1.0"?>
<!DOCTYPE Section SYSTEM "section.dtd">

<Section index="43" thickness="0.05" alignLocked="true">
<Transform dim="0"
 xcoef=" 0 1 0 0 0 0"
 ycoef=" 0 0 1 0 0 0">
<Image mag="0.00254" contrast="1" brightness="0" red="true" green="true" blue="true"
 src="..\images\FWNGV.43.jpg" />
<Contour name="domain1" type="line" hidden="false" closed="true" simplified="false" border="1 0 1" fill="1 0 1" mode="11"
 points="0 0,
	4095 0,
	4095 4095,
	0 4095,
	"/>
</Transform>

<Transform dim="0"
 xcoef=" 0 1 0 0 0 0"
 ycoef=" 0 0 1 0 0 0">
<Contour name="bob001" type="line" hidden="false" closed="true" simplified="false" border="0.0 0.5 0.0" fill="0.0 0.5 0.0" mode="13"
 points="7.267151411547876 6.662027844322653,
	7.309665947886884 6.69462232218256,
	7.349346181803293 6.7314682536763675,
	7.366351996338896 6.759811277902373,
	7.381940659663199 6.7980743606074805,
	7.403197927832704 6.837754594523889,
	7.438626708115211 6.859011862693393,
	7.485392698088121 6.859011862693393,
	7.53499299048363 6.850508955425592,
	7.5661703171322365 6.832085989678688,
	7.598764794992143 6.826417384833486,
	7.638445028908551 6.832085989678688,
	7.688045321304061 6.834920292101288,
	7.7291427064317695 6.859011862693393,
	7.765988637925577 6.888772038130699,
	7.763154335502977 6.908612155088903,
	7.773074393982078 6.9355380281036085,
	7.794331662151583 6.934120876892308,
	7.821257535166288 6.9242008184132064,
	7.872274978773099 6.910029306300204,
	7.911955212689507 6.900109247821101,
	7.950218295394615 6.881686282074198,
	7.971475563564119 6.854760409059492,
	7.985647075677122 6.823583082410886,
	7.9998185877901244 6.799491511818781,
	8.02957876322743 6.793822906973579,
	8.049418880185636 6.773982790015376,
	8.077761904411641 6.74280546336677,
	8.090516265313344 6.715879590352064,
	8.090516265313344 6.693205170971259,
	8.070676148355139 6.674782205224355,
	8.053670333819536 6.662027844322653,
	8.045167426551734 6.636519122519248,
	8.056504636242137 6.6053417958706415,
	8.083430509256841 6.586918830123738,
	8.12311074317325 6.576998771644636,
	8.150036616187956 6.564244410742933,
	8.171293884357459 6.554324352263831,
	8.192551152526963 6.568495864376834,
	8.23081423523207 6.592587434968939,
	8.252071503401575 6.608176098293242,
	8.26624301551458 6.609593249504543,
	8.27191162035978 6.59967319102544,
	8.283248830050182 6.582667376489837,
	8.301671795797086 6.564244410742933,
	8.328597668811792 6.525981328037825,
	8.341352029713494 6.49905545502312,
	8.358357844249097 6.448038011416309,
	8.364026449094299 6.418277835979003,
	8.378197961207302 6.385683358119097,
	8.396620926954204 6.365843241160893,
	8.41787819512371 6.346003124202689,
	8.383866566052502 6.348837426625289,
	8.351272088192596 6.355923182681791,
	8.31867761033269 6.3530888802591905,
	8.284665981261483 6.357340333893092,
	8.252071503401575 6.372928997217394,
	8.21947702554167 6.3899348117529975,
	8.185465396470462 6.422529289612904,
	8.16987673314616 6.443786557782409,
	8.134447952863653 6.469295279585814,
	8.087681962890743 6.4678781283745135,
	8.038081670495233 6.462209523529313,
	7.996984285367525 6.442369406571109,
	7.964389807507618 6.429615045669406,
	7.940298236915512 6.406940626288601,
	7.903452305421705 6.387100509330398,
	7.8807778860409 6.35167172904789,
	7.835429047279291 6.341751670568788,
	7.750399974601274 6.333248763300986,
	7.700799682205764 6.344585972991388,
	7.671039506768458 6.337500216934887,
	7.625690668006849 6.348837426625289,
	7.574673224400039 6.337500216934887,
	7.527907234427129 6.338917368146188,
	7.472638337186417 6.343168821780088,
	7.447129615383012 6.355923182681791,
	7.417369439945706 6.354506031470491,
	7.383357810874499 6.364426089949593,
	7.360683391493695 6.3601746363156915,
	7.330923216056389 6.35025457783659,
	7.28557437729478 6.343168821780088,
	7.261482806702674 6.331831612089686,
	7.226054026420168 6.319077251187983,
	7.179288036447258 6.296402831807179,
	7.116933383150045 6.269476958792473,
	7.075835998022337 6.266642656369873,
	7.046075822585031 6.258139749102071,
	6.98938977413302 6.238299632143867,
	6.956795296273113 6.2269624224534645,
	6.936955179314909 6.212790910340462,
	6.8944406429759 6.188699339748357,
	6.8689319211724955 6.192950793382257,
	6.878851979651597 6.222710968819563,
	6.914280759934104 6.25388829546817,
	6.944040935371411 6.276562714848975,
	6.985138320499119 6.300654285441079,
	7.023401403204226 6.344585972991388,
	7.034738612894628 6.344585972991388,
	7.054578729852833 6.346003124202689,
	7.073001695599737 6.363008938738292,
	7.081504602867538 6.392769114175598,
	7.082921754078838 6.428197894458106,
	7.071584544388436 6.465043825951913,
	7.071584544388436 6.504724059868321,
	7.08859035892404 6.552907201052531,
	7.092841812557941 6.602507493448041,
	7.105596173459643 6.642187727364449,
	7.132522046474349 6.680450810069557,
	7.150945012221253 6.69603947339386,
	7.172202280390756 6.681867961280857,
	7.183539490081159 6.670530751590455,
	7.210465363095865 6.657776390688753,
	7.226054026420168 6.656359239477452,
	"/>
</Transform>

<Transform dim="0"
 xcoef=" 0 1 0 0 0 0"
 ycoef=" 0 0 1 0 0 0">
<Contour name="Bobs_Dark_Blob" hidden="false" closed="true" simplified="false" border="1.0 0.0 1.0" fill="1.0 0.0 1.0" mode="13"
 points="  5.553971483719072 1.880063654471527,
  5.654560876697166 1.9686781197141339,
  5.752755284128162 2.057292584956741,
  5.829394821635282 2.1243521802754706,
  5.901244388048207 2.160276963481933,
  5.977883925555327 2.1914117755942004,
  6.032968593138569 2.193806761141298,
  6.090448246268909 2.169856905670323,
  6.126373029475371 2.121957194728373,
  6.145532913852151 2.069267512692228,
  6.152717870493443 1.9806530474496213,
  6.147927899399248 1.9088034810366967,
  6.123978043928273 1.7890542036818224,
  6.092843231816006 1.6836748396095331,
  6.068893376345031 1.604640316555316,
  6.032968593138569 1.4920759958417342,
  5.968303983366937 1.4178314438817121,
  5.925194243519182 1.3795116751281522,
  5.85094969155916 1.3699317329397622,
  5.795865023975917 1.36274677629847,
  5.719225486468798 1.3795116751281522,
  5.6521658911500685 1.3914866028636397,
  5.585106295831339 1.4010665450520297,
  5.527626642700999 1.4034615305991271,
  5.427037249722905 1.3914866028636397,
  5.302498001273835 1.35316683411008,
  5.21148855048413 1.2861072387913504,
  5.168378810636376 1.2166526579255232,
  5.154008897353791 1.1256432071358187,
  5.170773796183473 1.0609785973641865,
  5.206698579389935 0.9723641321215796,
  5.256993275878983 0.8574048258609002,
  5.24980831923769 0.7687903606182932,
  5.206698579389935 0.6801758953756862,
  5.1420339696183035 0.634671169980834,
  5.058209475469892 0.6059313434156641,
  4.988754894604065 0.6011413723214691,
  4.938460198115017 0.6179062711511515,
  4.847450747325313 0.6753859242814912,
  4.770811209818193 0.7640003895240982,
  4.730096455517536 0.8765647102376801,
  4.734886426611731 1.0370287418932116,
  4.758836282082706 1.156778019248086,
  4.866610631702093 1.32442700754491,
  4.948040140303407 1.4681261403707593,
  5.055814489922794 1.580690461084341,
  5.149218926259596 1.6405650997617782,
  5.225858463766715 1.7004397384392154,
  5.309682957915128 1.7195996228159953,
  5.376742553233857 1.7435494782869703,
  5.477331946211952 1.8082140880586024,
  "/>
</Transform>

</Section>