<?xml version="1.0"?>
<!DOCTYPE Section SYSTEM "section.dtd">

<Section index="26" thickness="0.05" alignLocked="true">
<Transform dim="0"
 xcoef=" 0 1 0 0 0 0"
 ycoef=" 0 0 1 0 0 0">
<Image mag="0.00254" contrast="1" brightness="0" red="true" green="true" blue="true"
 src="..\images\FWNGV.26.jpg" />
<Contour name="domain1" type="line" hidden="false" closed="true" simplified="false" border="1 0 1" fill="1 0 1" mode="11"
 points="0 0,
	4095 0,
	4095 4095,
	0 4095,
	"/>
</Transform>

<Transform dim="0"
 xcoef=" 0 1 0 0 0 0"
 ycoef=" 0 0 1 0 0 0">
<Contour name="Bobs_Dark_Blob" type="line" hidden="false" closed="true" simplified="true" border="1 0 1" fill="1 0 1" mode="13"
 points="6.37064 2.66505,
	6.42373 2.59073,
	6.4662 2.55887,
	6.50867 2.54826,
	6.59361 2.56949,
	6.71041 2.72876,
	6.72102 2.77123,
	6.8272 2.94111,
	6.85906 3.02605,
	6.91214 3.111,
	6.944 3.28088,
	6.95462 3.36582,
	6.944 3.45076,
	6.80597 3.61003,
	6.72102 3.63126,
	6.63608 3.55694,
	6.60423 3.472,
	6.58299 3.42953,
	6.57238 3.34459,
	6.47682 3.1747,
	6.39188 2.83493,
	6.37064 2.67567,
	"/>
</Transform>

<Transform dim="0"
 xcoef=" 0 1 0 0 0 0"
 ycoef=" 0 0 1 0 0 0">
<Contour name="d01" hidden="false" closed="true" simplified="false" border="1.0 1.0 0.0" fill="1.0 1.0 0.0" mode="13"
 points="  5.074910728277717 5.480769418377918,
  5.0900046465045845 5.498378989642596,
  5.104260013718847 5.4992175406551995,
  5.131093646122166 5.498378989642596,
  5.146187564349034 5.495024785592181,
  5.1688284416893335 5.497540438629993,
  5.199854829155671 5.498378989642596,
  5.225849910546387 5.500056091667804,
  5.244298032823669 5.500056091667804,
  5.256876298012725 5.49250913255437,
  5.266100359151365 5.4866392754661435,
  5.280355726365628 5.484123622428333,
  5.302158052693326 5.484962173440937,
  5.3206061749706075 5.484123622428333,
  5.339892848260493 5.478253765340106,
  5.35498676648736 5.465675500151051,
  5.366726480663812 5.448065928886373,
  5.382658949903282 5.432133459646902,
  5.39775286813015 5.421232296483054,
  5.400268521167961 5.405299827243583,
  5.412846786357017 5.383497500915886,
  5.42039374547045 5.365887929651208,
  5.435487663697317 5.352471113449549,
  5.4514201329367875 5.3432470523109075,
  5.460644194075429 5.327314583071437,
  5.464836949138447 5.304673705731137,
  5.46315984711324 5.282032828390836,
  5.453935785974599 5.265261808138762,
  5.444711724835958 5.236751073710235,
  5.434649112684713 5.219980053458161,
  5.429617806609091 5.204886135231294,
  5.429617806609091 5.18811511497922,
  5.43632621470992 5.178891053840578,
  5.452258683949391 5.153734523462467,
  5.4556128879998065 5.130255095109563,
  5.467352602176258 5.101744360681036,
  5.459805643062825 5.083296238403754,
  5.4556128879998065 5.062332463088661,
  5.457289990025013 5.043884340811379,
  5.450581581924184 5.034660279672739,
  5.438003316735128 5.0296289735971165,
  5.419555194457846 5.022082014483683,
  5.404461276230979 5.01034230030723,
  5.388528806991508 4.997764035118175,
  5.373434888764642 4.991894178029948,
  5.362533725600794 4.988539973979534,
  5.362533725600794 4.983508667903911,
  5.362533725600794 4.967576198664441,
  5.359179521550378 4.95164372942497,
  5.3558253174999635 4.9382269132233105,
  5.3558253174999635 4.920617341958632,
  5.366726480663812 4.904684872719161,
  5.383497500915886 4.887075301454484,
  5.390205909016716 4.870304281202409,
  5.387690255978905 4.8552103629755425,
  5.389367358004113 4.836762240698261,
  5.390205909016716 4.8174755674083745,
  5.386851704966301 4.804897302219319,
  5.386013153953697 4.79148048601766,
  5.385174602941094 4.779740771841207,
  5.378466194840264 4.778063669816,
  5.367565031676415 4.775548016778189,
  5.35498676648736 4.773032363740378,
  5.333184440159663 4.775548016778189,
  5.313897766869777 4.785610628929433,
  5.286225583453855 4.7948346900680745,
  5.259391951050536 4.8074129552571305,
  5.236751073710235 4.81412136335796,
  5.213271645357331 4.818314118420979,
  5.196500625105257 4.816637016395771,
  5.173859747764956 4.8174755674083745,
  5.163797135613711 4.825861077534412,
  5.151218870424656 4.8426320977864865,
  5.139479156248203 4.856048913988146,
  5.1210310339709215 4.86359587310158,
  5.09587450359281 4.866111526139391,
  5.07994203435334 4.877012689303239,
  5.058139708025642 4.908039076769577,
  5.049754197899605 4.933195607147688,
  5.042207238786172 4.983508667903911,
  5.045561442836587 5.01034230030723,
  5.047238544861794 5.053946952962624,
  5.042207238786172 5.09587450359281,
  5.036337381697946 5.126900891059147,
  5.027113320559305 5.141994809286015,
  5.015373606382853 5.149541768399448,
  4.997764035118175 5.157927278525485,
  4.98770142296693 5.172182645739749,
  4.9818315658787045 5.19733917611786,
  4.976800259803082 5.227527012571595,
  4.979315912840893 5.256876298012725,
  4.975123157777874 5.287064134466458,
  4.9650605456266295 5.308866460794155,
  4.959190688538404 5.332345889147059,
  4.960029239551007 5.354148215474756,
  4.957513586513196 5.375950541802453,
  4.962544892588818 5.385174602941094,
  4.970930402714855 5.390205909016716,
  4.9860243209417225 5.400268521167961,
  5.004472443219004 5.417878092432638,
  5.02375911650889 5.43632621470992,
  5.044722891823983 5.446388826861165,
  5.0648481161264725 5.4639983981258435,
  "/>
</Transform>

<Transform dim="0"
 xcoef=" 0 1 0 0 0 0"
 ycoef=" 0 0 1 0 0 0">
<Contour name="d01" hidden="false" closed="true" simplified="false" border="1.0 1.0 0.0" fill="1.0 1.0 0.0" mode="13"
 points="  4.065948540341656 4.178328631397769,
  4.0456832780200624 4.200436190294053,
  4.0383140917213005 4.239124418362551,
  4.0364717951466105 4.272285756706978,
  4.0438409814453715 4.303604798476715,
  4.0677908369163465 4.318343171074238,
  4.100952175260773 4.33123924709707,
  4.108321361559534 4.357031399142735,
  4.100952175260773 4.390192737487162,
  4.110163658134225 4.412300296383447,
  4.13595581017989 4.42703866898097,
  4.159905665650865 4.456515414176016,
  4.172801741673698 4.473096083348229,
  4.202278486868744 4.4786229730723,
  4.255705087534765 4.485992159371062,
  4.294393315603263 4.495203642244514,
  4.32939695052238 4.495203642244514,
  4.369927475165568 4.484149862796372,
  4.415984889532828 4.462042303900087,
  4.47493837992292 4.430723262130351,
  4.519153497715489 4.419669482682208,
  4.5652109120827475 4.406773406659376,
  4.6002145470018645 4.397561923785924,
  4.637060478495672 4.401246516935305,
  4.662852630541337 4.386508144337782,
  4.690487079161693 4.366242882016187,
  4.732859900379572 4.358873695717426,
  4.753125162701166 4.366242882016187,
  4.762336645574618 4.362558288866807,
  4.758652052425237 4.345977619694593,
  4.745755976402404 4.314658577924857,
  4.72549071408081 4.288866425879192,
  4.686802486012312 4.253862790960074,
  4.664694927116028 4.23359752863848,
  4.640745071645053 4.228070638914409,
  4.622322105898149 4.218859156040957,
  4.6094260298753165 4.198593893719363,
  4.6094260298753165 4.18201322454715,
  4.5946876572777935 4.174644038248388,
  4.5523148360599155 4.178328631397769,
  4.517311201140798 4.180170927972459,
  4.484149862796372 4.180170927972459,
  4.456515414176016 4.178328631397769,
  4.406773406659376 4.180170927972459,
  4.351504509418664 4.18569781769653,
  4.307289391626095 4.18569781769653,
  4.272285756706978 4.193067003995292,
  4.244651308086622 4.189382410845911,
  4.218859156040957 4.178328631397769,
  4.191224707420601 4.172801741673698,
  4.163590258800246 4.169117148524317,
  4.1341135136052 4.161747962225555,
  4.128586623881129 4.148851886202723,
  4.112005954708915 4.147009589628032,
  4.097267582111392 4.154378775926794,
  "/>
</Transform>

</Section>