<?xml version="1.0"?>
<!DOCTYPE Section SYSTEM "section.dtd">

<Section index="21" thickness="0.05" alignLocked="true">
<Transform dim="0"
 xcoef=" 0 1 0 0 0 0"
 ycoef=" 0 0 1 0 0 0">
<Image mag="0.00254" contrast="1" brightness="0" red="true" green="true" blue="true"
 src="..\images\FWNGV.21.jpg" />
<Contour name="domain1" type="line" hidden="false" closed="true" simplified="false" border="1 0 1" fill="1 0 1" mode="11"
 points="0 0,
	4095 0,
	4095 4095,
	0 4095,
	"/>
</Transform>

<Transform dim="0"
 xcoef=" 0 1 0 0 0 0"
 ycoef=" 0 0 1 0 0 0">
<Contour name="Bobs_Dark_Blob" type="line" hidden="false" closed="true" simplified="true" border="1 0 1" fill="1 0 1" mode="13"
 points="6.28535 3.83337,
	6.30262 3.7643,
	6.34579 3.69523,
	6.48392 3.6089,
	6.51846 3.57436,
	6.58753 3.43622,
	6.61343 3.29808,
	6.64797 3.22901,
	6.6566 3.15994,
	6.69113 3.09087,
	6.7602 3.06497,
	6.82927 3.09087,
	6.88971 3.15131,
	6.96741 3.28945,
	7.00195 3.35852,
	7.01922 3.42759,
	7.02785 3.56573,
	7.02785 3.6348,
	6.98468 3.70387,
	6.91561 3.77294,
	6.63933 3.91971,
	6.50119 3.93698,
	6.43212 3.94561,
	6.36305 3.93698,
	6.32852 3.91971,
	6.28535 3.85064,
	6.28535 3.84201,
	"/>
</Transform>

<Transform dim="0"
 xcoef=" 0 1 0 0 0 0"
 ycoef=" 0 0 1 0 0 0">
<Contour name="d01" type="line" hidden="false" closed="true" simplified="false" border="1 1 0" fill="1 1 0" mode="13"
 points="5.14032 5.49083,
	5.12439 5.49419,
	5.11013 5.49335,
	5.09336 5.48077,
	5.07659 5.46819,
	5.05479 5.46064,
	5.03885 5.45226,
	5.02627 5.43046,
	5.0246 5.40782,
	5.02124 5.39272,
	5.0246 5.36253,
	5.02292 5.33402,
	5.02963 5.32061,
	5.03466 5.29629,
	5.03718 5.28287,
	5.03214 5.27113,
	5.03047 5.24598,
	5.03969 5.21746,
	5.05311 5.20237,
	5.07323 5.19315,
	5.08665 5.17554,
	5.09504 5.15206,
	5.09587 5.13445,
	5.10929 5.11013,
	5.12942 5.09084,
	5.14619 5.07072,
	5.1638 5.03298,
	5.1747 5.00447,
	5.19315 4.98015,
	5.21159 4.97177,
	5.23004 4.96254,
	5.25184 4.93907,
	5.27784 4.92062,
	5.28455 4.90888,
	5.29797 4.88959,
	5.33151 4.87114,
	5.35331 4.86192,
	5.38937 4.85856,
	5.41536 4.85689,
	5.43381 4.86947,
	5.44136 4.88624,
	5.44387 4.90385,
	5.4489 4.92146,
	5.45142 4.9332,
	5.46316 4.9399,
	5.48329 4.9399,
	5.49083 4.93907,
	5.49419 4.94242,
	5.49335 4.94577,
	5.48832 4.95164,
	5.47574 4.96506,
	5.45981 4.97932,
	5.44723 5.0028,
	5.44387 5.02963,
	5.44639 5.05143,
	5.45394 5.07575,
	5.45142 5.08917,
	5.44387 5.10426,
	5.42962 5.12019,
	5.41201 5.14116,
	5.40698 5.15877,
	5.40782 5.18392,
	5.41788 5.20489,
	5.43213 5.2292,
	5.43968 5.24262,
	5.44387 5.25855,
	5.44387 5.27532,
	5.44052 5.29545,
	5.43633 5.31809,
	5.43549 5.34492,
	5.43968 5.37008,
	5.44387 5.38517,
	5.44807 5.40027,
	5.45477 5.41536,
	5.4489 5.43213,
	5.438 5.44471,
	5.42794 5.4531,
	5.41117 5.45477,
	5.39608 5.45729,
	5.38182 5.46568,
	5.37176 5.48077,
	5.37176 5.49502,
	5.37008 5.52437,
	5.36337 5.54115,
	5.3466 5.55037,
	5.32731 5.55121,
	5.30887 5.54534,
	5.29377 5.53192,
	5.277 5.51012,
	5.26275 5.49502,
	5.2443 5.47825,
	5.22669 5.47742,
	5.20824 5.47825,
	5.18476 5.48161,
	5.15793 5.48664,
	"/>
</Transform>

<Transform dim="0"
 xcoef=" 0 1 0 0 0 0"
 ycoef=" 0 0 1 0 0 0">
<Contour name="Java2018062016a" hidden="false" closed="true" simplified="false" border="1.0 0.0 0.0" fill="1.0 0.0 0.0" mode="13"
 points="  5.638081588342376 9.297602062446273,
  5.57376472567567 9.268168921903882,
  5.487645536681269 9.202761942920793,
  5.424418790330948 9.130814266039394,
  5.406976929268791 9.050145658626915,
  5.453851930873339 8.940043910672047,
  5.533430421969432 8.813590417971406,
  5.64571240255707 8.774346230581552,
  5.716569963122084 8.759084602152164,
  5.74927345261363 8.763445067417702,
  5.769985662624942 8.78306716111263,
  5.797238570534562 8.79178809164371,
  5.860465316884882 8.795058440592863,
  5.91388101638774 8.792878207960094,
  5.968386832206981 8.775436346897937,
  6.001090321698527 8.768895648999628,
  6.014171717495144 8.771075881632397,
  6.032703694873687 8.779796812163475,
  6.058866486466923 8.78306716111263,
  6.0893897433256985 8.773256114265166,
  6.1373548612466315 8.767805532683242,
  6.191860677065873 8.771075881632397,
  6.223474050241033 8.778706695847092,
  6.252907190783424 8.78742762637817,
  6.276889749743891 8.804869487440326,
  6.292151378173278 8.822311348502485,
  6.308503122919051 8.8571950706268,
  6.320494402399284 8.876817164321727,
  6.345567077676135 8.873546815372572,
  6.38481126506599 8.871366582739801,
  6.397892660862607 8.88226774590365,
  6.419694987190304 8.897529374333038,
  6.456758941947388 8.910610770129656,
  6.476381035642316 8.937863678039276,
  6.5112647577666305 8.95421542278505,
  6.536337433043482 8.98364856332744,
  6.540697898309021 9.005450889655137,
  6.57885196938249 9.030523564931988,
  6.615915924139575 9.054506123892455,
  6.669331623642432 9.100291009180618,
  6.697674647868437 9.15479682499986,
  6.71620662524698 9.174418918694787,
  6.724927555778058 9.18204973290948,
  6.71402639261421 9.207122408186331,
  6.6878636010209735 9.230014850830413,
  6.6420787157328105 9.242006130310646,
  6.5962938304446475 9.26053810768919,
  6.560319992003948 9.28561078296604,
  6.493822896704473 9.337936366152512,
  6.4240554524558435 9.372820088276827,
  6.352107775574444 9.3891718330226,
  6.25181707446704 9.388081716706214,
  6.1744188160037154 9.383721251440676,
  6.122093232817243 9.37827066985875,
  6.08066881279462 9.38481136775706,
  6.0228926480262235 9.3891718330226,
  5.970567064839751 9.380450902491521,
  5.928052528500743 9.365189274062134,
  5.885537992161734 9.36191892511298,
  5.855014735302959 9.360828808796594,
  5.8005089194837165 9.352107878265516,
  5.752543801562784 9.352107878265516,
  5.680596124681385 9.320494505090355,
  "/>
</Transform>

</Section>