<?xml version="1.0"?>
<!DOCTYPE Section SYSTEM "section.dtd">

<Section index="30" thickness="0.05" alignLocked="true">
<Transform dim="0"
 xcoef=" 0 1 0 0 0 0"
 ycoef=" 0 0 1 0 0 0">
<Image mag="0.00254" contrast="1" brightness="0" red="true" green="true" blue="true"
 src="..\images\FWNGV.30.jpg" />
<Contour name="domain1" type="line" hidden="false" closed="true" simplified="false" border="1 0 1" fill="1 0 1" mode="11"
 points="0 0,
	4095 0,
	4095 4095,
	0 4095,
	"/>
</Transform>

<Transform dim="0"
 xcoef=" 0 1 0 0 0 0"
 ycoef=" 0 0 1 0 0 0">
<Contour name="Bobs_Dark_Blob" type="line" hidden="false" closed="true" simplified="true" border="1 0 1" fill="1 0 1" mode="13"
 points="6.25877 2.32573,
	6.2953 2.22832,
	6.35618 2.1309,
	6.40489 2.10655,
	6.4536 2.10655,
	6.47795 2.10655,
	6.52666 2.15526,
	6.69713 2.54491,
	6.75801 2.64232,
	6.79454 2.69103,
	6.8676 3.08068,
	6.87978 3.12939,
	6.8676 3.2268,
	6.8676 3.27551,
	6.84325 3.32421,
	6.79454 3.34856,
	6.69713 3.28768,
	6.56319 3.09286,
	6.47795 3.00762,
	6.36836 2.81279,
	6.2953 2.61797,
	6.27095 2.42314,
	6.25877 2.33791,
	"/>
<Contour name="Bobs_Dark_Blob" type="line" hidden="false" closed="true" simplified="true" border="1 0 1" fill="1 0 1" mode="13"
 points="5.73597 1.11712,
	5.79325 1.08131,
	5.8219 1.05983,
	6.05105 1.12428,
	6.10834 1.14576,
	6.13698 1.16008,
	6.21575 1.27466,
	6.30885 1.50381,
	6.35181 1.61839,
	6.35897 1.64703,
	6.32317 1.76161,
	6.31601 1.77593,
	6.25872 1.79025,
	6.14414 1.74012,
	6.08686 1.70432,
	6.03673 1.64703,
	6.00092 1.58974,
	5.9508 1.47517,
	5.84338 1.36059,
	5.75029 1.24602,
	5.73597 1.21737,
	5.73597 1.16008,
	5.73597 1.13144,
	5.73597 1.12428,
	"/>
</Transform>

<Transform dim="0"
 xcoef=" 0 1 0 0 0 0"
 ycoef=" 0 0 1 0 0 0">
<Contour name="d01" type="line" hidden="false" closed="true" simplified="false" border="1 1 0" fill="1 1 0" mode="13"
 points="5.00184 5.13817,
	5.02579 5.12527,
	5.03868 5.09763,
	5.03315 5.06447,
	5.03684 5.04237,
	5.05895 5.02763,
	5.06632 5.00552,
	5.07553 4.95762,
	5.05526 4.91709,
	5.03315 4.87656,
	5.01289 4.84892,
	4.99815 4.82866,
	4.9871 4.79366,
	4.98341 4.74207,
	4.9742 4.6868,
	4.9613 4.64627,
	4.9263 4.59837,
	4.88209 4.54863,
	4.83603 4.51178,
	4.79366 4.46941,
	4.76049 4.44178,
	4.73102 4.42704,
	4.69786 4.4123,
	4.66469 4.40493,
	4.63338 4.3994,
	4.61495 4.40677,
	4.591 4.4123,
	4.56153 4.3994,
	4.53942 4.3773,
	4.52652 4.36256,
	4.4952 4.35887,
	4.46757 4.34782,
	4.44178 4.32203,
	4.40309 4.3165,
	4.35703 4.32387,
	4.32755 4.34414,
	4.28887 4.35887,
	4.25571 4.37361,
	4.21517 4.38098,
	4.18201 4.37177,
	4.15622 4.34966,
	4.1249 4.31466,
	4.08806 4.29255,
	4.05489 4.26492,
	4.03647 4.25018,
	4.03831 4.23728,
	4.06963 4.23176,
	4.09911 4.21886,
	4.11201 4.21517,
	4.14885 4.19122,
	4.19307 4.1728,
	4.22439 4.16727,
	4.27044 4.18386,
	4.33492 4.18938,
	4.38467 4.18017,
	4.44178 4.17464,
	4.47862 4.17096,
	4.51547 4.17464,
	4.5431 4.19122,
	4.57074 4.21702,
	4.59469 4.24465,
	4.60943 4.26676,
	4.62416 4.29624,
	4.63522 4.31282,
	4.65733 4.33677,
	4.68128 4.35703,
	4.71812 4.3773,
	4.75681 4.38098,
	4.78813 4.36993,
	4.81576 4.36624,
	4.85445 4.37914,
	4.88024 4.39756,
	4.90788 4.4123,
	4.91893 4.43625,
	4.95394 4.46388,
	4.98341 4.49336,
	4.99631 4.52284,
	5.00184 4.54126,
	5.01105 4.55047,
	5.02947 4.58179,
	5.04605 4.58548,
	5.06263 4.59469,
	5.07 4.6168,
	5.06447 4.63338,
	5.08105 4.66285,
	5.09211 4.68864,
	5.11237 4.71996,
	5.13632 4.73839,
	5.1658 4.75497,
	5.19896 4.76418,
	5.23028 4.77708,
	5.27265 4.79181,
	5.29292 4.80102,
	5.30581 4.81945,
	5.31871 4.85998,
	5.33529 4.88393,
	5.34634 4.89498,
	5.37214 4.90604,
	5.39977 4.91709,
	5.40714 4.94472,
	5.4053 4.96683,
	5.39609 4.98894,
	5.39793 5.01473,
	5.41635 5.02763,
	5.43846 5.04605,
	5.4532 5.06816,
	5.4882 5.0829,
	5.52689 5.09948,
	5.56005 5.1179,
	5.57479 5.14553,
	5.58216 5.16764,
	5.59874 5.18791,
	5.61532 5.20817,
	5.61532 5.22844,
	5.60242 5.24502,
	5.57663 5.26344,
	5.55637 5.27081,
	5.53979 5.26713,
	5.52136 5.25976,
	5.48636 5.26528,
	5.46241 5.28186,
	5.42188 5.31503,
	5.3924 5.36293,
	5.36108 5.41267,
	5.32239 5.43109,
	5.27265 5.44399,
	5.23765 5.46241,
	5.21186 5.49557,
	5.19343 5.51952,
	5.16948 5.52689,
	5.14369 5.51399,
	5.11237 5.51768,
	5.08842 5.52321,
	5.07184 5.50662,
	5.07737 5.45688,
	5.06447 5.42188,
	5.04052 5.40714,
	5.03868 5.36477,
	5.04052 5.31318,
	5.02947 5.27634,
	5.00552 5.25423,
	4.97973 5.22291,
	4.98341 5.16027,
	"/>
</Transform>

<Transform dim="0"
 xcoef=" 0 1 0 0 0 0"
 ycoef=" 0 0 1 0 0 0">
<Contour name="Java2018062016a" hidden="false" closed="true" simplified="false" border="1.0 0.0 0.0" fill="1.0 0.0 0.0" mode="13"
 points="  4.968414749677045 8.914635814990154,
  4.939065464235914 8.891156386637249,
  4.874497036265428 8.837489121830611,
  4.844309199811694 8.7896917141122,
  4.819152669433582 8.731831694242542,
  4.799027445131093 8.672294572347678,
  4.7822564248790185 8.633721225767907,
  4.796511792093282 8.576699756910854,
  4.829215281584827 8.559090185646177,
  4.864434424114183 8.532256553242858,
  4.909716178794784 8.49452175767569,
  4.963383443601423 8.476073635398407,
  5.027113320559305 8.466849574259767,
  5.110968421819677 8.469365227297578,
  5.183083808903597 8.479427839448823,
  5.263584706113554 8.489490451600068,
  5.327314583071437 8.513808430965575,
  5.385174602941094 8.53309510425546,
  5.453935785974599 8.570829899822629,
  5.483285071415729 8.59598643020074,
  5.504248846730822 8.627851368679682,
  5.523535520020707 8.660554858171226,
  5.541983642297989 8.693258347662772,
  5.555400458499649 8.712545020952657,
  5.573010029764327 8.73099314322994,
  5.589781050016401 8.748602714494616,
  5.595650907104628 8.767889387784503,
  5.59397380507942 8.790530265124803,
  5.588103947991194 8.82574940765416,
  5.5738485807769305 8.86851550929695,
  5.559593213562668 8.91379726397755,
  5.5386294382475745 8.92721408017921,
  5.500894642680407 8.933083937267435,
  5.453935785974599 8.939792345368266,
  5.4287792555964876 8.954886263595132,
  5.401945623193168 8.985074100048866,
  5.371757786739434 9.006876426376563,
  5.328991685096645 9.02197034460343,
  5.2954496445924955 9.011907732452185,
  5.245136583836272 9.00603787536396,
  5.214948747382539 8.997652365237922,
  5.1612814825759 8.977527140935432,
  5.10929131979447 8.96578742675898,
  5.048077095874398 8.955724814607736,
  4.998602586130779 8.935599590305246,
  "/>
</Transform>

</Section>