<?xml version="1.0"?>
<!DOCTYPE Section SYSTEM "section.dtd">

<Section index="17" thickness="0.05" alignLocked="true">
<Transform dim="0"
 xcoef=" 0 1 0 0 0 0"
 ycoef=" 0 0 1 0 0 0">
<Image mag="0.00254" contrast="1" brightness="0" red="true" green="true" blue="true"
 src="..\images\FWNGV.17.jpg" />
<Contour name="domain1" hidden="false" closed="true" simplified="false" border="1 0 1" fill="1 0 1" mode="11"
 points="0 0,
	4095 0,
	4095 4095,
	0 4095,
	"/>
</Transform>

<Transform dim="0"
 xcoef=" 0 1 0 0 0 0"
 ycoef=" 0 0 1 0 0 0">
<Contour name="Bobs_Dark_Blob" hidden="false" closed="true" simplified="true" border="1 0 1" fill="1 0 1" mode="13"
 points="6.05032 3.79358,
	6.05841 3.76123,
	6.17974 3.6399,
	6.24445 3.58328,
	6.37387 3.52666,
	6.43858 3.50239,
	6.50329 3.46195,
	6.53564 3.43768,
	6.66506 3.4215,
	6.72977 3.41342,
	6.76212 3.41342,
	6.81874 3.47813,
	6.87536 3.60754,
	6.85919 3.67225,
	6.82683 3.73696,
	6.7055 3.85829,
	6.67315 3.88256,
	6.54373 3.93109,
	6.28489 3.95536,
	6.15547 3.94727,
	6.09076 3.90682,
	6.0665 3.87447,
	6.05032 3.80976,
	6.05032 3.80167,
	"/>
</Transform>

<Transform dim="0"
 xcoef=" 0 1 0 0 0 0"
 ycoef=" 0 0 1 0 0 0">
<Contour name="d01" hidden="false" closed="true" simplified="false" border="1 1 0" fill="1 1 0" mode="13"
 points="5.07259 5.33834,
	5.05388 5.32157,
	5.03582 5.29448,
	5.02099 5.27578,
	5.00679 5.259,
	4.99325 5.24159,
	4.97519 5.22869,
	4.95713 5.21192,
	4.94681 5.19192,
	4.94165 5.17128,
	4.94681 5.14096,
	4.95648 5.11129,
	4.96809 5.08097,
	4.98035 5.0584,
	4.98099 5.0384,
	4.98809 5.01195,
	4.99776 4.99518,
	5.01066 4.9868,
	5.02099 4.97003,
	5.03711 4.95584,
	5.05195 4.94423,
	5.06485 4.93971,
	5.07259 4.93713,
	5.07904 4.92358,
	5.09065 4.91391,
	5.09452 4.90294,
	5.09387 4.87392,
	5.09387 4.85715,
	5.09904 4.84424,
	5.10871 4.83715,
	5.12097 4.8307,
	5.13451 4.82167,
	5.15064 4.81457,
	5.16483 4.81393,
	5.18483 4.8107,
	5.19773 4.80619,
	5.20805 4.79909,
	5.2145 4.78361,
	5.21901 4.76555,
	5.23062 4.75329,
	5.24933 4.73717,
	5.26675 4.72878,
	5.27836 4.72491,
	5.2861 4.72427,
	5.29642 4.72943,
	5.31061 4.74168,
	5.32544 4.75845,
	5.33447 4.772,
	5.34028 4.78619,
	5.34415 4.80941,
	5.34286 4.82296,
	5.34221 4.8307,
	5.34351 4.84166,
	5.34544 4.8507,
	5.34867 4.85908,
	5.35383 4.86682,
	5.35641 4.87972,
	5.35383 4.89327,
	5.34802 4.90875,
	5.34221 4.92036,
	5.33705 4.93455,
	5.33254 4.94681,
	5.32931 4.96229,
	5.33125 4.98035,
	5.33705 4.99131,
	5.34867 5.00099,
	5.36737 5.00679,
	5.37576 5.01002,
	5.37963 5.01647,
	5.37963 5.02421,
	5.37511 5.03647,
	5.36866 5.04743,
	5.36479 5.05969,
	5.35899 5.08226,
	5.35447 5.09839,
	5.35383 5.11129,
	5.35576 5.12484,
	5.36092 5.14419,
	5.36737 5.15773,
	5.37318 5.16934,
	5.37511 5.18031,
	5.37124 5.19515,
	5.36415 5.20934,
	5.36092 5.21708,
	5.36479 5.22998,
	5.3706 5.24223,
	5.37253 5.2532,
	5.36866 5.26481,
	5.36737 5.27642,
	5.36866 5.28416,
	5.36802 5.30158,
	5.36995 5.31383,
	5.37189 5.32609,
	5.36931 5.34351,
	5.36479 5.35963,
	5.35512 5.37189,
	5.35125 5.3893,
	5.35383 5.40156,
	5.35125 5.4222,
	5.34673 5.43897,
	5.34415 5.45445,
	5.34738 5.468,
	5.3506 5.47509,
	5.35963 5.48412,
	5.36157 5.49831,
	5.36028 5.50993,
	5.35254 5.52283,
	5.34351 5.53379,
	5.33254 5.54347,
	5.31835 5.54669,
	5.29771 5.55314,
	5.28545 5.55314,
	5.27062 5.5525,
	5.26223 5.54411,
	5.26288 5.53315,
	5.27513 5.52541,
	5.28094 5.51767,
	5.27771 5.50283,
	5.259 5.47961,
	5.2403 5.44542,
	5.22224 5.42091,
	5.20289 5.40027,
	5.18354 5.3893,
	5.16483 5.38801,
	5.1487 5.38543,
	5.12806 5.37253,
	5.09968 5.35447,
	"/>
</Transform>

</Section>