<?xml version="1.0"?>
<!DOCTYPE Section SYSTEM "section.dtd">

<Section index="15" thickness="0.05" alignLocked="true">
<Transform dim="0"
 xcoef=" 0 1 0 0 0 0"
 ycoef=" 0 0 1 0 0 0">
<Image mag="0.00254" contrast="1" brightness="0" red="true" green="true" blue="true"
 src="..\images\FWNGV.15.jpg" />
<Contour name="domain1" type="line" hidden="false" closed="true" simplified="false" border="1 0 1" fill="1 0 1" mode="11"
 points="0 0,
	4095 0,
	4095 4095,
	0 4095,
	"/>
</Transform>

<Transform dim="0"
 xcoef=" 0 1 0 0 0 0"
 ycoef=" 0 0 1 0 0 0">
<Contour name="Bobs_Dark_Blob" type="line" hidden="false" closed="true" simplified="true" border="1 0 1" fill="1 0 1" mode="13"
 points="6.06214 3.9992,
	6.08023 3.92682,
	6.21595 3.7911,
	6.28834 3.73681,
	6.4331 3.67347,
	6.57787 3.62823,
	6.72264 3.61014,
	6.79502 3.60109,
	6.93979 3.62823,
	6.98503 3.69157,
	6.95789 3.76395,
	6.89455 3.82729,
	6.86741 3.89967,
	6.76788 4.04444,
	6.62311 4.18921,
	6.58692 4.2254,
	6.51454 4.25254,
	6.44215 4.2435,
	6.40596 4.2435,
	6.26119 4.17111,
	6.11642 4.08063,
	6.08023 4.04444,
	6.06214 4.00825,
	"/>
</Transform>

<Transform dim="0"
 xcoef=" 0 1 0 0 0 0"
 ycoef=" 0 0 1 0 0 0">
<Contour name="d01" type="line" hidden="false" closed="true" simplified="false" border="1 1 0" fill="1 1 0" mode="13"
 points="5.09581 5.37511,
	5.09 5.36286,
	5.07839 5.34286,
	5.06678 5.32738,
	5.05646 5.31448,
	5.04743 5.30093,
	5.04098 5.29061,
	5.03324 5.28287,
	5.02937 5.27384,
	5.03131 5.25707,
	5.03453 5.23707,
	5.0326 5.21708,
	5.02873 5.19837,
	5.03131 5.17579,
	5.03711 5.15773,
	5.0455 5.14806,
	5.05646 5.1429,
	5.06936 5.13645,
	5.0771 5.12355,
	5.08226 5.10742,
	5.08742 5.08807,
	5.09387 5.0771,
	5.10936 5.06614,
	5.12806 5.05388,
	5.14483 5.03905,
	5.15257 5.01712,
	5.15451 4.99776,
	5.15064 4.97648,
	5.1487 4.961,
	5.1487 4.94745,
	5.15451 4.93003,
	5.16289 4.90681,
	5.17579 4.89133,
	5.18676 4.87134,
	5.20224 4.85973,
	5.21385 4.8565,
	5.22675 4.85844,
	5.23772 4.86166,
	5.24997 4.86747,
	5.26546 4.86876,
	5.2861 4.86424,
	5.30803 4.85844,
	5.32028 4.85134,
	5.33254 4.84811,
	5.35447 4.84876,
	5.37447 4.8507,
	5.39704 4.85263,
	5.41575 4.85457,
	5.42801 4.85973,
	5.43897 4.86747,
	5.44865 4.88101,
	5.45252 4.88875,
	5.45187 4.89972,
	5.45187 4.91455,
	5.45123 4.93713,
	5.44929 4.95326,
	5.4422 4.96487,
	5.43381 4.97067,
	5.4222 4.9739,
	5.41252 4.98486,
	5.39962 5.00421,
	5.39124 5.01841,
	5.38801 5.03195,
	5.39059 5.05195,
	5.39317 5.0642,
	5.40027 5.07388,
	5.41639 5.08678,
	5.42672 5.10291,
	5.43317 5.11968,
	5.43704 5.13903,
	5.4351 5.15257,
	5.43188 5.16741,
	5.42607 5.18031,
	5.42413 5.19708,
	5.42478 5.20547,
	5.42607 5.2145,
	5.4293 5.2332,
	5.43252 5.24675,
	5.4351 5.2661,
	5.43446 5.28932,
	5.43381 5.30996,
	5.42672 5.33899,
	5.4222 5.35318,
	5.41768 5.37124,
	5.41446 5.38543,
	5.4093 5.39704,
	5.39575 5.40736,
	5.37898 5.41381,
	5.36802 5.42155,
	5.35963 5.42994,
	5.34609 5.43768,
	5.32738 5.4422,
	5.31319 5.44865,
	5.29964 5.46026,
	5.2919 5.47058,
	5.27836 5.48154,
	5.26933 5.48799,
	5.25707 5.49251,
	5.23836 5.49186,
	5.22224 5.48864,
	5.20353 5.47961,
	5.18354 5.46671,
	5.16999 5.45252,
	5.15967 5.43575,
	5.15128 5.42349,
	5.14161 5.40672,
	5.12935 5.39833,
	5.12097 5.39575,
	5.10807 5.38672,
	"/>
</Transform>

<Transform dim="0"
 xcoef=" 0 1 0 0 0 0"
 ycoef=" 0 0 1 0 0 0">
<Contour name="Java2018062016a" type="line" hidden="false" closed="true" simplified="false" border="1.0 0.0 0.0" fill="1.0 0.0 0.0" mode="13"
 points="6.120676081605943 9.530341895994436,
	6.099418813436439 9.514753232670133,
	6.05832142830873 9.484993057232826,
	6.020058345603623 9.429724159992116,
	5.9931324725889175 9.384375321230506,
	5.970458053208112 9.336192180046297,
	5.918023458390002 9.289426190073387,
	5.865588863571891 9.271003224326483,
	5.8372458393458855 9.239825897677877,
	5.835828688134585 9.170385488324163,
	5.878343224473594 9.11086513744955,
	5.919440609601303 9.069767752321843,
	5.9931324725889175 9.038590425673236,
	6.048401369829628 9.023001762348933,
	6.099418813436439 9.034338972039334,
	6.140516198564147 9.044259030518436,
	6.185865037325756 9.044259030518436,
	6.228379573664765 9.035756123250636,
	6.243968236989068 9.027253215982833,
	6.287899924539377 9.018750308715031,
	6.320494402399284 9.023001762348933,
	6.341751670568788 9.042841879307137,
	6.348837426625289 9.051344786574939,
	6.368677543583494 9.055596240208839,
	6.4126092311338025 9.06268199626534,
	6.474963884431015 9.069767752321843,
	6.511809815924822 9.075436357167042,
	6.5571586546864316 9.102362230181749,
	6.602507493448041 9.127870951985154,
	6.640770576153149 9.139208161675556,
	6.669113600379155 9.143459615309457,
	6.7201310439859645 9.150545371365958,
	6.759811277902373 9.164716883478961,
	6.778234243649277 9.176054093169364,
	6.786737150917078 9.20156281497277,
	6.7909886045509795 9.215734327085771,
	6.79524005818488 9.229905839198775,
	6.815080175143084 9.245494502523078,
	6.833503140889988 9.271003224326483,
	6.854760409059492 9.296511946129888,
	6.867514769961195 9.327689272778494,
	6.873183374806396 9.357449448215801,
	6.8760176772289965 9.394295379709607,
	6.885937735708098 9.436809916048617,
	6.897274945398501 9.476490149965025,
	6.907195003877603 9.531759047205735,
	6.897274945398501 9.582776490812547,
	6.877434828440297 9.622456724728954,
	6.839171745735189 9.64938259774366,
	6.79665720939618 9.669222714701863,
	6.7612284291136735 9.684811378026167,
	6.669113600379155 9.691897134082668,
	6.572747318010735 9.69898289013917,
	6.540152840150828 9.70748579740697,
	6.4976383038118195 9.727325914365176,
	6.469295279585814 9.725908763153875,
	6.45087231383891 9.708902948618272,
	6.423946440824205 9.679142773180965,
	6.391351962964298 9.659302656222762,
	6.337500216934887 9.64654829532106,
	6.294985680595879 9.643713992898459,
	6.266642656369873 9.630959631996756,
	6.2156252127630625 9.592696549291649,
	6.157522013099751 9.55726776900914,
	"/>
</Transform>

<Transform dim="0"
 xcoef=" 0 1 0 0 0 0"
 ycoef=" 0 0 1 0 0 0">
<Contour name="bob001" hidden="false" closed="true" simplified="false" border="0.0 0.4666666666666667 0.0" fill="0.0 0.4666666666666667 0.0" mode="13"
 points="  6.98938977413302 8.159956674667058,
  6.965298203540915 8.17271103556876,
  6.922783667201906 8.157122372244457,
  6.859011862693393 8.142950860131453,
  6.812245872720483 8.12736219680715,
  6.756976975479772 8.091933416524643,
  6.735719707310268 8.013990099903127,
  6.773982790015376 7.97714416840932,
  6.839171745735189 7.957304051451116,
  6.8930234917646 7.931795329647711,
  6.938372330526209 7.845349105758394,
  6.970966808386116 7.723474101586569,
  6.9908069253443195 7.612936307105146,
  6.968132505963515 7.505232815046324,
  6.970966808386116 7.4400438593265115,
  6.997892681400821 7.418786591157007,
  7.044658671373731 7.390443566931001,
  7.065915939543235 7.349346181803293,
  7.058830183486734 7.277071470026978,
  7.029070008049428 7.230305480054068,
  7.036155764105929 7.201962455828062,
  7.0800874516562375 7.175036582813357,
  7.1693679779681565 7.1693679779681565,
  7.23880838732187 7.170785129179456,
  7.271402865181777 7.172202280390756,
  7.299745889407783 7.196293850982862,
  7.325254611211188 7.247311294589672,
  7.353597635437193 7.299745889407783,
  7.383357810874499 7.355014786648494,
  7.413117986311805 7.411700835100505,
  7.444295312960412 7.447129615383012,
  7.4882270005107205 7.457049673862114,
  7.53499299048363 7.462718278707316,
  7.559084561075736 7.485392698088121,
  7.615770609527747 7.510901419891526,
  7.676708111613659 7.510901419891526,
  7.744731369756073 7.496729907778523,
  7.7773258476159794 7.505232815046324,
  7.784411603672481 7.537827292906231,
  7.7773258476159794 7.571838921977438,
  7.736228462488271 7.598764794992143,
  7.658285145866755 7.6214392143729475,
  7.597347643780843 7.638445028908551,
  7.544913048962733 7.675290960402359,
  7.500981361412424 7.717805496741367,
  7.4513810690169135 7.743314218544772,
  7.400363625410103 7.757485730657775,
  7.355014786648494 7.808503174264586,
  7.316751703943386 7.862354920293996,
  7.294077284562581 7.9147895151121075,
  7.292660133351281 7.988481378099722,
  7.298328738196482 8.089099114102043,
  7.298328738196482 8.144368011342754,
  7.279905772449578 8.181213942836562,
  7.250145597012272 8.189716850104363,
  7.226054026420168 8.16987673314616,
  7.201962455828062 8.151453767399255,
  7.1693679779681565 8.148619464976655,
  7.125436290417847 8.152870918610557,
  7.064498788331935 8.147202313765355,
  7.006395588668623 8.144368011342754,
  "/>
</Transform>

</Section>