<?xml version="1.0"?>
<!DOCTYPE Section SYSTEM "section.dtd">

<Section index="44" thickness="0.05" alignLocked="true">
<Transform dim="0"
 xcoef=" 0 1 0 0 0 0"
 ycoef=" 0 0 1 0 0 0">
<Image mag="0.00254" contrast="1" brightness="0" red="true" green="true" blue="true"
 src="..\images\FWNGV.44.jpg" />
<Contour name="domain1" type="line" hidden="false" closed="true" simplified="false" border="1 0 1" fill="1 0 1" mode="11"
 points="0 0,
	4095 0,
	4095 4095,
	0 4095,
	"/>
</Transform>

<Transform dim="0"
 xcoef=" 0 1 0 0 0 0"
 ycoef=" 0 0 1 0 0 0">
<Contour name="bob001" type="line" hidden="false" closed="true" simplified="true" border="0 0.5 0" fill="0 0.5 0" mode="13"
 points="6.6372 6.13763,
	6.70857 6.10194,
	6.8513 6.10194,
	6.99404 6.19115,
	7.06541 6.19115,
	7.13677 6.22683,
	7.20814 6.22683,
	7.35088 6.31604,
	7.63635 6.26252,
	7.77908 6.28036,
	7.92182 6.33389,
	8.06455 6.4231,
	8.20729 6.38741,
	8.35002 6.31604,
	8.42139 6.2982,
	8.45708 6.31604,
	8.40355 6.38741,
	8.35002 6.53015,
	8.27866 6.58367,
	8.15376 6.53015,
	8.10024 6.58367,
	8.13592 6.65504,
	8.15376 6.69073,
	8.02887 6.83346,
	7.9575 6.88699,
	7.81477 6.86914,
	7.7434 6.79778,
	7.60066 6.77993,
	7.56498 6.76209,
	7.49361 6.79778,
	7.35088 6.67288,
	7.27951 6.61936,
	7.20814 6.60152,
	7.13677 6.61936,
	7.06541 6.56583,
	7.04756 6.49446,
	7.08325 6.35173,
	7.01188 6.33389,
	6.88699 6.20899,
	6.74425 6.15547,
	6.67288 6.17331,
	6.65504 6.15547,
	"/>
<Contour name="Bobs_Dark_Blob" type="line" hidden="false" closed="true" simplified="true" border="1 0 1" fill="1 0 1" mode="13"
 points="4.71046 0.837766,
	4.75788 0.711311,
	4.78949 0.648083,
	4.91595 0.569049,
	4.97917 0.537435,
	5.10563 0.537435,
	5.16886 0.569049,
	5.23209 0.632276,
	5.2637 0.758731,
	5.24789 0.885187,
	5.18466 1.01164,
	5.21628 1.1381,
	5.29531 1.26455,
	5.42177 1.32778,
	5.485 1.34359,
	5.73791 1.31197,
	5.86436 1.32778,
	5.92759 1.34359,
	5.99082 1.39101,
	6.11727 1.64392,
	6.1805 1.89683,
	6.1805 2.02328,
	6.14889 2.08651,
	6.02243 2.14974,
	5.89598 2.13393,
	5.64306 1.94425,
	5.51661 1.8336,
	5.39015 1.75457,
	5.32693 1.70715,
	5.20047 1.65972,
	5.07402 1.58069,
	4.86853 1.32778,
	4.74207 1.07487,
	4.71046 1.01164,
	4.71046 0.885187,
	4.71046 0.853573,
	"/>
</Transform>

<Transform dim="0"
 xcoef=" 0 1 0 0 0 0"
 ycoef=" 0 0 1 0 0 0">
<Contour name="d01" hidden="false" closed="true" simplified="false" border="1.0 1.0 0.0" fill="1.0 1.0 0.0" mode="13"
 points="  5.239208028177164 5.311482739953479,
  5.273219657248371 5.355414427503788,
  5.304396983896977 5.390843207786295,
  5.342660066602085 5.4163519295897,
  5.376671695673292 5.4291062904914025,
  5.4149347783784 5.454615012294807,
  5.439026348970505 5.480123734098213,
  5.443277802604405 5.524055421648522,
  5.420603383223601 5.555232748297128,
  5.389426056574995 5.5963301334248365,
  5.375254544461992 5.627507460073443,
  5.356831578715088 5.6629362403559504,
  5.353997276292487 5.687027810948055,
  5.36958593961679 5.696947869427157,
  5.403597568687998 5.7111193815401595,
  5.417769080801 5.716787986385361,
  5.437609197759205 5.701199323061058,
  5.450363558660907 5.691279264581956,
  5.46595222198521 5.684193508525454,
  5.482958036520814 5.684193508525454,
  5.519803968014621 5.701199323061058,
  5.542478387395426 5.718205137596661,
  5.562318504353629 5.721039440019262,
  5.582158621311834 5.705450776694959,
  5.5963301334248365 5.685610659736755,
  5.616170250383041 5.6629362403559504,
  5.624673157650842 5.6445132746090465,
  5.623256006439542 5.620421704016941,
  5.620421704016941 5.592078679790935,
  5.619004552805642 5.5665699579875305,
  5.619004552805642 5.538226933761525,
  5.61333594796044 5.519803968014621,
  5.600581587058738 5.498546699845117,
  5.594912982213536 5.478706582886913,
  5.586410074945735 5.453197861083508,
  5.582158621311834 5.423437685646202,
  5.579324318889233 5.3922603589975955,
  5.576490016466632 5.36675163719419,
  5.5665699579875305 5.349745822658586,
  5.5594842019310295 5.325654252066482,
  5.555232748297128 5.298728379051776,
  5.552398445874528 5.277471110882272,
  5.562318504353629 5.256213842712768,
  5.575072865255332 5.227870818486762,
  5.576490016466632 5.212282155162459,
  5.5665699579875305 5.1881905845703535,
  5.546729841029326 5.162681862766949,
  5.525472572859822 5.134338838540943,
  5.4815408853095136 5.103161511892337,
  5.460283617140009 5.087572848568033,
  5.4149347783784 5.07198418524373,
  5.371003090828091 5.049309765862925,
  5.328488554489082 5.019549590425619,
  5.305814135108277 5.005378078312616,
  5.294476925417875 4.986955112565713,
  5.277471110882272 4.952943483494506,
  5.257630993924068 4.933103366536302,
  5.229287969698062 4.9217661568459,
  5.200944945472056 4.907594644732897,
  5.175436223668651 4.901926039887695,
  5.140007443386144 4.903343191098996,
  5.101744360681036 4.907594644732897,
  5.066315580398529 4.910428947155498,
  5.028052497693421 4.894840283831194,
  5.005378078312616 4.882085922929492,
  4.985537961354413 4.870748713239089,
  4.962863541973608 4.862245805971288,
  4.944440576226704 4.863662957182588,
  4.920349005634599 4.880668771718192,
  4.901926039887695 4.894840283831194,
  4.8877545277746925 4.916097552000698,
  4.870748713239089 4.950109181071905,
  4.8509085962808856 4.981286507720512,
  4.859411503548687 5.002543775890016,
  4.87500016687299 5.026635346482121,
  4.882085922929492 5.054978370708127,
  4.910428947155498 5.074818487666331,
  4.9430234250154035 5.0804870925115315,
  4.97420075166401 5.0804870925115315,
  5.016715288003019 5.077652790088932,
  5.053561219496826 5.076235638877631,
  5.079069941300231 5.077652790088932,
  5.108830116737537 5.094658604624534,
  5.137173140963544 5.137173140963544,
  5.157013257921747 5.1881905845703535,
  5.185356282147753 5.249128086656266,
  5.21936791121896 5.287391169361374,
  "/>
</Transform>

</Section>