<?xml version="1.0"?>
<!DOCTYPE Section SYSTEM "section.dtd">

<Section index="32" thickness="0.05" alignLocked="true">
<Transform dim="0"
 xcoef=" 0 1 0 0 0 0"
 ycoef=" 0 0 1 0 0 0">
<Image mag="0.00254" contrast="1" brightness="0" red="true" green="true" blue="true"
 src="..\images\FWNGV.32.jpg" />
<Contour name="domain1" type="line" hidden="false" closed="true" simplified="false" border="1 0 1" fill="1 0 1" mode="11"
 points="0 0,
	4095 0,
	4095 4095,
	0 4095,
	"/>
</Transform>

<Transform dim="0"
 xcoef=" 0 1 0 0 0 0"
 ycoef=" 0 0 1 0 0 0">
<Contour name="Bobs_Dark_Blob" type="line" hidden="false" closed="true" simplified="true" border="1 0 1" fill="1 0 1" mode="13"
 points="5.47997 1.04182,
	5.5008 0.958473,
	5.58415 0.875128,
	5.66749 0.875128,
	6.00088 1.04182,
	6.12589 1.18767,
	6.20924 1.27102,
	6.37593 1.6044,
	6.43844 1.77109,
	6.50095 2.10447,
	6.52179 2.27116,
	6.62597 2.43786,
	6.68848 2.5212,
	6.75099 2.68789,
	6.77182 2.85458,
	6.75099 2.93793,
	6.66764 3.00044,
	6.58429 2.9796,
	6.27175 2.70873,
	6.16757 2.54204,
	6.10506 2.37535,
	6.12589 2.04196,
	6.08422 1.87527,
	5.93837 1.77109,
	5.85502 1.70858,
	5.64666 1.3752,
	5.56331 1.29186,
	5.5008 1.12516,
	5.47997 1.06266,
	"/>
</Transform>

<Transform dim="0"
 xcoef=" 0 1 0 0 0 0"
 ycoef=" 0 0 1 0 0 0">
<Contour name="d01" hidden="false" closed="true" simplified="false" border="1.0 1.0 0.0" fill="1.0 1.0 0.0" mode="13"
 points="  4.988939124261534 5.281864279637303,
  5.009204386583128 5.320552507705801,
  4.999992903709676 5.366609922073061,
  4.999992903709676 5.418194226164391,
  5.01657357288189 5.436617191911295,
  5.053419504375697 5.449513267934128,
  5.077369359846672 5.436617191911295,
  5.1197421810645505 5.41450963301501,
  5.175011078305261 5.394244370693416,
  5.21922619609783 5.390559777544035,
  5.254229831016947 5.388717480969345,
  5.300287245384207 5.377663701521203,
  5.333448583728634 5.348186956326157,
  5.348186956326157 5.307656431682968,
  5.385032887819964 5.26712590703978,
  5.425563412463153 5.246860644718186,
  5.46056704738227 5.252387534442257,
  5.495570682301387 5.26528361046509,
  5.526889724071123 5.285548872786684,
  5.55820876584086 5.287391169361374,
  5.587685511035906 5.276337389913232,
  5.595054697334667 5.254229831016947,
  5.585843214461215 5.230279975545973,
  5.561893358990241 5.189749450902784,
  5.539785800093956 5.160272705707738,
  5.51030905489891 5.149218926259596,
  5.486359199427935 5.1307959605126925,
  5.467936233681031 5.1086884016164085,
  5.445828674784747 5.088423139294814,
  5.427405709037843 5.0644732838238395,
  5.407140446716249 5.038681131778174,
  5.392402074118726 5.007362090008438,
  5.383190591245274 4.977885344813392,
  5.373979108371822 4.935512523595513,
  5.357398439199609 4.896824295527015,
  5.338975473452705 4.867347550331969,
  5.298444948809517 4.82497472911409,
  5.241333754994115 4.810236356516567,
  5.1713264851558804 4.801024873643116,
  5.1289536639380024 4.797340280493735,
  5.0700001735479105 4.804709466792496,
  5.009204386583128 4.837870805136923,
  4.998150607134986 4.896824295527015,
  5.014731276307199 4.926301040722061,
  5.022100462605961 4.96867386193994,
  4.999992903709676 5.001835200284367,
  4.988939124261534 5.046050318076936,
  4.96867386193994 5.0644732838238395,
  4.942881709894275 5.097634622168266,
  4.933670227020823 5.1344805536620735,
  4.92261644757268 5.1713264851558804,
  4.935512523595513 5.195276340626855,
  4.955777785917107 5.230279975545973,
  "/>
</Transform>

</Section>