<?xml version="1.0"?>
<!DOCTYPE Section SYSTEM "section.dtd">

<Section index="40" thickness="0.05" alignLocked="true">
<Transform dim="0"
 xcoef=" 0 1 0 0 0 0"
 ycoef=" 0 0 1 0 0 0">
<Image mag="0.00254" contrast="1" brightness="0" red="true" green="true" blue="true"
 src="..\images\FWNGV.40.jpg" />
<Contour name="domain1" hidden="false" closed="true" simplified="false" border="1 0 1" fill="1 0 1" mode="11"
 points="0 0,
	4095 0,
	4095 4095,
	0 4095,
	"/>
</Transform>

<Transform dim="0"
 xcoef=" 0 1 0 0 0 0"
 ycoef=" 0 0 1 0 0 0">
<Contour name="bob001" hidden="false" closed="true" simplified="true" border="0 0.5 0" fill="0 0.5 0" mode="13"
 points="7.46287 6.79269,
	7.51967 6.71318,
	7.55374 6.6223,
	7.5651 6.57687,
	7.54238 6.486,
	7.55374 6.44056,
	7.58782 6.40648,
	7.76956 6.39512,
	7.86044 6.41784,
	7.90587 6.4292,
	7.92859 6.41784,
	8.11033 6.486,
	8.20121 6.50871,
	8.24664 6.49735,
	8.28072 6.45192,
	8.32616 6.4292,
	8.41703 6.4292,
	8.5079 6.45192,
	8.59877 6.52007,
	8.62149 6.54279,
	8.62149 6.58823,
	8.62149 6.61094,
	8.57605 6.65638,
	8.48518 6.69046,
	8.41703 6.78133,
	8.32616 6.82677,
	8.28072 6.86084,
	8.23528 6.8722,
	8.20121 6.91764,
	8.11033 6.929,
	8.07626 6.94036,
	8.05354 7.03123,
	8.01946 7.07666,
	7.99674 7.09938,
	7.95131 7.08802,
	7.8718 7.01987,
	7.82636 6.97443,
	7.64462 6.90628,
	7.55374 6.90628,
	7.50831 6.929,
	7.47423 6.83813,
	7.46287 6.80405,
	"/>
<Contour name="Bobs_Dark_Blob" hidden="false" closed="true" simplified="true" border="1 0 1" fill="1 0 1" mode="13"
 points="5.01987 0.822654,
	5.1206 0.688343,
	5.25491 0.621187,
	5.38922 0.604399,
	5.52353 0.637976,
	5.55711 0.637976,
	5.64105 0.772287,
	5.65784 0.839442,
	5.55711 1.10806,
	5.5739 1.24237,
	5.60748 1.30953,
	5.62426 1.34311,
	5.69142 1.3599,
	5.96004 1.27595,
	6.09435 1.25916,
	6.22866 1.29274,
	6.26224 1.29274,
	6.36297 1.42705,
	6.41334 1.49421,
	6.4805 1.76283,
	6.53086 1.82998,
	6.56444 1.9643,
	6.54765 2.09861,
	6.54765 2.16576,
	6.46371 2.30007,
	6.39655 2.31686,
	6.26224 2.26649,
	6.12793 2.18255,
	6.0272 2.04824,
	5.89289 1.91393,
	5.79215 1.79641,
	5.52353 1.71246,
	5.2717 1.49421,
	5.1206 1.22559,
	5.05344 1.09128,
	5.01987 1.02412,
	5.01987 0.889809,
	5.01987 0.839442,
	"/>
</Transform>

</Section>