<?xml version="1.0"?>
<!DOCTYPE Section SYSTEM "section.dtd">

<Section index="50" thickness="0.05" alignLocked="true">
<Transform dim="0"
 xcoef=" 0 1 0 0 0 0"
 ycoef=" 0 0 1 0 0 0">
<Image mag="0.00254" contrast="1" brightness="0" red="true" green="true" blue="true"
 src="..\images\FWNGV.50.jpg" />
<Contour name="domain1" type="line" hidden="false" closed="true" simplified="false" border="1 0 1" fill="1 0 1" mode="11"
 points="0 0,
	4095 0,
	4095 4095,
	0 4095,
	"/>
</Transform>

<Transform dim="0"
 xcoef=" 0 1 0 0 0 0"
 ycoef=" 0 0 1 0 0 0">
<Contour name="bob001" type="line" hidden="false" closed="true" simplified="true" border="0 0.5 0" fill="0 0.5 0" mode="11"
 points="7.35235 6.26576,
	7.35622 6.25027,
	7.35816 6.24252,
	7.35816 6.23865,
	7.37365 6.2309,
	7.3814 6.22703,
	7.39689 6.23671,
	7.40464 6.23865,
	7.40852 6.23865,
	7.4182 6.22315,
	7.54216 6.13406,
	7.60414 6.09919,
	7.63513 6.08564,
	7.65062 6.07789,
	7.65837 6.07401,
	7.68936 6.07014,
	7.70486 6.0682,
	7.72035 6.07014,
	7.7281 6.07208,
	7.74359 6.06433,
	7.77458 6.03721,
	7.79008 6.02753,
	7.79783 6.02172,
	7.85981 6.00429,
	7.8908 6.00429,
	7.90629 6.00622,
	7.91404 6.00622,
	7.94503 6.01978,
	8.00701 6.06239,
	8.01476 6.0682,
	8.03025 6.06433,
	8.06124 6.07014,
	8.09223 6.08564,
	8.10772 6.09532,
	8.12322 6.10888,
	8.13097 6.11469,
	8.16196 6.1205,
	8.19295 6.13406,
	8.22394 6.14374,
	8.25493 6.14955,
	8.27042 6.14374,
	8.27817 6.1418,
	8.30916 6.14762,
	8.34015 6.13987,
	8.35564 6.13599,
	8.38663 6.11856,
	8.40213 6.10888,
	8.46411 6.04884,
	8.4951 6.02172,
	8.51059 6.01978,
	8.52609 6.02172,
	8.52996 6.02172,
	8.53577 6.03721,
	8.54739 6.09919,
	8.54933 6.11469,
	8.57838 6.13987,
	8.58419 6.15536,
	8.57645 6.17086,
	8.57257 6.17861,
	8.57257 6.1941,
	8.57064 6.20185,
	8.56289 6.20766,
	8.54739 6.21153,
	8.53965 6.21347,
	8.52415 6.22896,
	8.51834 6.23671,
	8.52609 6.2677,
	8.52996 6.2832,
	8.52802 6.29094,
	8.51059 6.32193,
	8.50672 6.32968,
	8.50285 6.36067,
	8.50672 6.39166,
	8.50866 6.40716,
	8.50285 6.43815,
	8.49897 6.45364,
	8.48929 6.46914,
	8.48541 6.47301,
	8.48929 6.504,
	8.49897 6.51756,
	8.51447 6.52337,
	8.52802 6.53693,
	8.53577 6.55242,
	8.52609 6.56792,
	8.52996 6.59891,
	8.54352 6.61053,
	8.55901 6.61827,
	8.57451 6.62215,
	8.58226 6.62602,
	8.61325 6.62796,
	8.62874 6.6299,
	8.65973 6.6512,
	8.67523 6.66476,
	8.68297 6.67057,
	8.71396 6.68025,
	8.72946 6.68413,
	8.74495 6.68219,
	8.77594 6.68606,
	8.78369 6.68606,
	8.79531 6.69962,
	8.85729 6.71705,
	8.87279 6.72093,
	8.88828 6.72868,
	8.91927 6.73449,
	8.95026 6.73449,
	9.01224 6.76354,
	9.04323 6.77903,
	9.05873 6.78678,
	9.06647 6.79066,
	9.07035 6.79259,
	9.07228 6.82358,
	9.07422 6.83908,
	9.0626 6.85457,
	9.05485 6.86232,
	9.05292 6.87781,
	9.04129 6.9088,
	9.04517 6.93979,
	9.05679 6.95529,
	9.06066 6.95916,
	9.06066 6.97466,
	9.04711 6.98822,
	9.03161 6.9979,
	9.01612 7.00177,
	9.00837 7.00371,
	9.00449 7.00565,
	8.989 6.99403,
	8.95801 6.98822,
	8.92702 6.9979,
	8.89603 6.9979,
	8.77207 6.96885,
	8.75658 6.96691,
	8.72559 6.94948,
	8.69653 6.92236,
	8.67523 6.86038,
	8.66167 6.82939,
	8.60937 6.76741,
	8.58419 6.73642,
	8.57064 6.72093,
	8.55708 6.71124,
	8.54158 6.70543,
	8.51059 6.68413,
	8.4951 6.67444,
	8.46411 6.66476,
	8.44861 6.65314,
	8.44087 6.64539,
	8.43699 6.6299,
	8.43506 6.62215,
	8.40988 6.59116,
	8.37889 6.56598,
	8.36339 6.55436,
	8.35564 6.54855,
	8.29366 6.53693,
	8.26267 6.52724,
	8.23168 6.52143,
	8.10772 6.51368,
	8.04575 6.51756,
	8.01476 6.51949,
	7.95278 6.53305,
	7.8908 6.55048,
	7.8753 6.55242,
	7.86755 6.55436,
	7.83656 6.55048,
	7.83269 6.55048,
	7.80364 6.51949,
	7.79783 6.51175,
	7.76684 6.504,
	7.70486 6.47882,
	7.67387 6.46526,
	7.66612 6.46139,
	7.65062 6.46526,
	7.64288 6.46914,
	7.62738 6.46914,
	7.61963 6.46914,
	7.6022 6.44008,
	7.57896 6.40909,
	7.57315 6.40135,
	7.54216 6.39166,
	7.52666 6.38198,
	7.51892 6.37617,
	7.50342 6.34518,
	7.47437 6.32581,
	7.45887 6.31612,
	7.44338 6.31031,
	7.3814 6.30063,
	7.37365 6.29869,
	7.35235 6.26964,
	7.35235 6.2677,
	"/>
<Contour name="Bobs_Dark_Blob" type="line" hidden="false" closed="true" simplified="true" border="1 0 1" fill="1 0 1" mode="13"
 points="4.90033 0.705754,
	4.9536 0.599225,
	5.04681 0.506013,
	5.15334 0.452748,
	5.2066 0.439432,
	5.31313 0.466064,
	5.41966 0.519329,
	5.47293 0.559277,
	5.56614 0.772335,
	5.60609 0.878864,
	5.64603 0.918812,
	5.75256 0.958761,
	5.85909 1.02534,
	5.96562 1.13187,
	5.99225 1.18513,
	5.99225 1.29166,
	6.07215 1.50472,
	6.09878 1.61125,
	6.1121 1.66451,
	6.09878 1.71778,
	6.05883 1.77104,
	6.00557 1.79768,
	5.79251 1.75773,
	5.68598 1.70446,
	5.47293 1.54467,
	5.40634 1.43814,
	5.37971 1.38488,
	5.17997 1.17182,
	5.07344 1.06529,
	4.96691 0.985393,
	4.92696 0.945444,
	4.90033 0.838916,
	4.90033 0.732387,
	4.90033 0.71907,
	"/>
</Transform>

<Transform dim="0"
 xcoef=" 0 1 0 0 0 0"
 ycoef=" 0 0 1 0 0 0">
<Contour name="d01" type="line" hidden="false" closed="true" simplified="false" border="1 1 0" fill="1 1 0" mode="13"
 points="5.0819 5.68703,
	5.05356 5.67852,
	5.02097 5.66435,
	4.97562 5.62467,
	4.94444 5.58358,
	4.9331 5.55098,
	4.92318 5.51697,
	4.92035 5.48863,
	4.88492 5.43903,
	4.85799 5.40927,
	4.86933 5.38659,
	4.88917 5.37809,
	4.90334 5.36675,
	4.92177 5.34408,
	4.94019 5.3214,
	4.96853 5.29731,
	4.99546 5.24913,
	5.01813 5.19953,
	5.05781 5.10174,
	5.06632 5.05356,
	5.07482 4.99688,
	5.06348 4.93877,
	5.04506 4.8835,
	5.00963 4.84807,
	4.97704 4.82823,
	4.96853 4.79139,
	4.98412 4.77297,
	5.03372 4.76305,
	5.07624 4.75879,
	5.12017 4.75171,
	5.15843 4.75879,
	5.20945 4.77013,
	5.23496 4.78714,
	5.26613 4.80556,
	5.30015 4.8169,
	5.34549 4.8254,
	5.38943 4.82965,
	5.41635 4.82398,
	5.46879 4.80131,
	5.4943 4.78997,
	5.51414 4.78289,
	5.54248 4.79139,
	5.56374 4.79847,
	5.58074 4.81831,
	5.58499 4.84949,
	5.58358 4.89342,
	5.57649 4.92177,
	5.58216 4.94302,
	5.58924 4.95294,
	5.5935 4.98129,
	5.59208 4.99829,
	5.59633 5.0323,
	5.60058 5.05498,
	5.61617 5.08899,
	5.62326 5.11875,
	5.63176 5.14993,
	5.64876 5.17969,
	5.66435 5.22645,
	5.66294 5.25338,
	5.65302 5.27605,
	5.65727 5.28597,
	5.67711 5.29306,
	5.69837 5.30865,
	5.71679 5.32849,
	5.72529 5.34975,
	5.72246 5.371,
	5.71254 5.38517,
	5.71395 5.42202,
	5.72104 5.44753,
	5.73096 5.47304,
	5.73096 5.50138,
	5.72104 5.53398,
	5.68136 5.57649,
	5.65443 5.5935,
	5.63034 5.61192,
	5.60342 5.63034,
	5.58783 5.6601,
	5.57507 5.69411,
	5.5694 5.72246,
	5.55382 5.76072,
	5.53964 5.78623,
	5.51414 5.79757,
	5.49146 5.8004,
	5.47304 5.80749,
	5.4617 5.83016,
	5.44753 5.84008,
	5.42911 5.83583,
	5.41635 5.80607,
	5.41777 5.76781,
	5.40076 5.73521,
	5.38092 5.72671,
	5.34408 5.72387,
	5.2548 5.73096,
	5.21512 5.73946,
	5.17118 5.73521,
	5.13292 5.72813,
	5.1145 5.71962,
	5.09182 5.69837,
	"/>
</Transform>

<Transform dim="0"
 xcoef=" 0 1 0 0 0 0"
 ycoef=" 0 0 1 0 0 0">
<Contour name="Java2018062016a" hidden="false" closed="true" simplified="false" border="1.0 0.0 0.0" fill="1.0 0.0 0.0" mode="13"
 points="  4.264870450102523 7.575469847862012,
  4.228812756560563 7.553667521534315,
  4.212041736308489 7.533542297231826,
  4.20114057314464 7.494968950652055,
  4.196109267069018 7.459749808122698,
  4.196947818081622 7.404405441290853,
  4.217911593396715 7.375056155849722,
  4.252292184913467 7.349899625471611,
  4.29589683756886 7.314680482942255,
  4.331115980098217 7.287008299526332,
  4.343694245287272 7.2551433610473905,
  4.352918306425914 7.1897363820643,
  4.355433959463725 7.148647382446718,
  4.366335122627573 7.119298097005588,
  4.389814550980478 7.102527076753513,
  4.4174867343964 7.095818668652684,
  4.441804713761908 7.09498011764008,
  4.481216611354283 7.080724750425817,
  4.5164357538836395 7.0765319953627985,
  4.573457222740692 7.084078954476231,
  4.623770283496915 7.09498011764008,
  4.66318218108929 7.112589688904758,
  4.71265669083291 7.147808831434115,
  4.757938445513511 7.177158116875245,
  4.7948346900680745 7.217408565480223,
  4.8342465876604495 7.267721626236447,
  4.867788628164598 7.34067556433297,
  4.883721097404069 7.395181380152212,
  4.892106607530106 7.441301685845417,
  4.896299362593124 7.47568227736217,
  4.9172631379082175 7.5125785219167325,
  4.937388362210707 7.540250705332656,
  4.933195607147688 7.580501153937634,
  4.9256486480342545 7.625782908618235,
  4.910554729807388 7.657647847097176,
  4.89965356664354 7.691189887601325,
  4.895460811580521 7.72389337709287,
  4.869465730189805 7.754919764559208,
  4.8426320977864865 7.782591947975131,
  4.809928608294942 7.801878621265017,
  4.777225118803396 7.806909927340639,
  4.737813221211021 7.814456886454073,
  4.7076253847572875 7.819488192529695,
  4.664020732101894 7.804394274302828,
  4.622093181471708 7.788461805063357,
  4.58435838590454 7.767498029748264,
  4.548300692362581 7.736471642281926,
  4.504696039707187 7.700413948739966,
  4.4082626732577594 7.632491316719065,
  4.376397734778818 7.6123660924165755,
  4.335308735161235 7.595595072164501,
  4.298412490606672 7.58637101102586,
  "/>
</Transform>

</Section>