<?xml version="1.0"?>
<!DOCTYPE Section SYSTEM "section.dtd">

<Section index="22" thickness="0.05" alignLocked="true">
<Transform dim="0"
 xcoef=" 0 1 0 0 0 0"
 ycoef=" 0 0 1 0 0 0">
<Image mag="0.00254" contrast="1" brightness="0" red="true" green="true" blue="true"
 src="..\images\FWNGV.22.jpg" />
<Contour name="domain1" hidden="false" closed="true" simplified="false" border="1 0 1" fill="1 0 1" mode="11"
 points="0 0,
	4095 0,
	4095 4095,
	0 4095,
	"/>
</Transform>

<Transform dim="0"
 xcoef=" 0 1 0 0 0 0"
 ycoef=" 0 0 1 0 0 0">
<Contour name="Bobs_Dark_Blob" hidden="false" closed="true" simplified="true" border="1 0 1" fill="1 0 1" mode="13"
 points="6.30065 3.71223,
	6.32829 3.63854,
	6.38356 3.56484,
	6.45725 3.50036,
	6.50331 3.42667,
	6.55858 3.27929,
	6.58621 3.1319,
	6.59542 3.05821,
	6.58621 2.98452,
	6.59542 2.94767,
	6.59542 2.92925,
	6.63227 2.90162,
	6.70596 2.91083,
	6.85334 2.99373,
	6.93625 3.14112,
	6.97309 3.21481,
	7.00073 3.36219,
	6.99152 3.50957,
	6.96388 3.58327,
	6.92704 3.62011,
	6.85334 3.65696,
	6.77965 3.71223,
	6.63227 3.79513,
	6.55858 3.82277,
	6.41119 3.84119,
	6.3375 3.81355,
	6.30987 3.77671,
	6.30065 3.73986,
	6.30065 3.72144,
	"/>
</Transform>

<Transform dim="0"
 xcoef=" 0 1 0 0 0 0"
 ycoef=" 0 0 1 0 0 0">
<Contour name="d01" hidden="false" closed="true" simplified="false" border="1 1 0" fill="1 1 0" mode="13"
 points="5.19818 5.438,
	5.18392 5.43716,
	5.16631 5.43129,
	5.1529 5.42375,
	5.12858 5.41452,
	5.10426 5.41117,
	5.06736 5.41033,
	5.04892 5.40782,
	5.03298 5.39859,
	5.0137 5.37427,
	4.99525 5.34073,
	4.98602 5.30467,
	4.98183 5.27616,
	4.99106 5.2334,
	4.98099 5.21159,
	4.9768 5.18141,
	4.97261 5.15541,
	4.9768 5.13109,
	4.98099 5.10929,
	4.9986 5.09587,
	5.0137 5.09168,
	5.02711 5.09839,
	5.03801 5.10258,
	5.04892 5.09336,
	5.05143 5.0833,
	5.05311 5.06401,
	5.06317 5.0573,
	5.06988 5.04053,
	5.07826 5.02627,
	5.08665 5.00447,
	5.09336 4.98602,
	5.09504 4.97261,
	5.10845 4.94326,
	5.12019 4.91559,
	5.13529 4.8854,
	5.14199 4.8703,
	5.16212 4.86108,
	5.18392 4.85269,
	5.20237 4.84347,
	5.2074 4.83592,
	5.21159 4.81748,
	5.2183 4.80825,
	5.23088 4.79819,
	5.25268 4.79483,
	5.277 4.794,
	5.29377 4.79064,
	5.3139 4.7898,
	5.32899 4.7898,
	5.34744 4.78896,
	5.36421 4.78477,
	5.3835 4.78477,
	5.40698 4.79483,
	5.43465 4.80825,
	5.45058 4.81328,
	5.45981 4.8267,
	5.45729 4.8376,
	5.43297 4.86443,
	5.41285 4.87953,
	5.39691 4.90133,
	5.38769 4.92397,
	5.38685 4.95164,
	5.38601 4.97428,
	5.38098 4.99944,
	5.37595 5.01957,
	5.36589 5.04137,
	5.35499 5.05982,
	5.35415 5.0791,
	5.36002 5.10174,
	5.37092 5.11516,
	5.38685 5.12858,
	5.40362 5.14786,
	5.41788 5.16967,
	5.42543 5.19315,
	5.42962 5.2225,
	5.42962 5.24598,
	5.42543 5.277,
	5.41956 5.29713,
	5.40949 5.31893,
	5.39691 5.33654,
	5.38182 5.35415,
	5.35583 5.3726,
	5.34073 5.38601,
	5.32396 5.40362,
	5.31306 5.41536,
	5.30216 5.42794,
	5.28874 5.43884,
	5.27784 5.44471,
	5.26862 5.4422,
	5.25436 5.43549,
	5.2292 5.43213,
	5.21159 5.43633,
	"/>
</Transform>

</Section>