<?xml version="1.0"?>
<!DOCTYPE Section SYSTEM "section.dtd">

<Section index="28" thickness="0.05" alignLocked="true">
<Transform dim="0"
 xcoef=" 0 1 0 0 0 0"
 ycoef=" 0 0 1 0 0 0">
<Image mag="0.00254" contrast="1" brightness="0" red="true" green="true" blue="true"
 src="..\images\FWNGV.28.jpg" />
<Contour name="domain1" type="line" hidden="false" closed="true" simplified="false" border="1 0 1" fill="1 0 1" mode="11"
 points="0 0,
	4095 0,
	4095 4095,
	0 4095,
	"/>
</Transform>

<Transform dim="0"
 xcoef=" 0 1 0 0 0 0"
 ycoef=" 0 0 1 0 0 0">
<Contour name="Bobs_Dark_Blob" type="line" hidden="false" closed="true" simplified="true" border="1 0 1" fill="1 0 1" mode="13"
 points="6.37389 2.32169,
	6.39539 2.27869,
	6.43838 2.24645,
	6.48137 2.2357,
	6.56736 2.26794,
	6.70709 2.43992,
	6.85757 2.78387,
	6.92206 2.95585,
	6.95431 3.04184,
	6.96506 3.12783,
	6.95431 3.21382,
	6.92206 3.2998,
	6.87907 3.33205,
	6.79308 3.3213,
	6.75009 3.2998,
	6.69634 3.21382,
	6.67485 3.17082,
	6.50287 3.02034,
	6.44913 2.93435,
	6.39539 2.5904,
	6.38464 2.50441,
	6.39539 2.41842,
	6.37389 2.33243,
	"/>
</Transform>

<Transform dim="0"
 xcoef=" 0 1 0 0 0 0"
 ycoef=" 0 0 1 0 0 0">
<Contour name="d01" hidden="false" closed="true" simplified="false" border="1.0 1.0 0.0" fill="1.0 1.0 0.0" mode="13"
 points="  5.064009565113869 5.504248846730822,
  5.103421462706244 5.489154928503955,
  5.129416544096959 5.479092316352711,
  5.149541768399448 5.474061010277088,
  5.172182645739749 5.466514051163655,
  5.190630768017031 5.472383908251881,
  5.206563237256502 5.481607969390522,
  5.2124330943447275 5.478253765340106,
  5.2250113595337835 5.467352602176258,
  5.239266726748046 5.4556128879998065,
  5.257714849025328 5.443873173823354,
  5.282032828390836 5.432972010659506,
  5.299642399655514 5.424586500533469,
  5.3189290729454 5.4162009904074315,
  5.336538644210078 5.4120082353444126,
  5.3558253174999635 5.3994299701553565,
  5.379304745852868 5.375950541802453,
  5.389367358004113 5.358340970537775,
  5.406138378256187 5.347439807373926,
  5.421232296483054 5.335700093197474,
  5.429617806609091 5.32563748104623,
  5.438003316735128 5.313059215857174,
  5.439680418760336 5.29880384864291,
  5.4388418677477315 5.286225583453855,
  5.441357520785543 5.254360644974914,
  5.4556128879998065 5.225849910546387,
  5.474899561289692 5.213271645357331,
  5.502571744705614 5.204886135231294,
  5.526889724071123 5.193984972067446,
  5.548692050398819 5.191469319029634,
  5.562108866600479 5.194823523080049,
  5.571332927739119 5.190630768017031,
  5.582234090902968 5.179729604853182,
  5.589781050016401 5.159604380550693,
  5.591458152041609 5.136124952197789,
  5.588942499003798 5.090843197517188,
  5.581395539890364 5.064009565113869,
  5.55791611153746 5.036337381697946,
  5.531921030146745 5.0170507084080604,
  5.510118703819048 5.014535055370249,
  5.496701887617388 5.012019402332438,
  5.472383908251881 4.997764035118175,
  5.450581581924184 4.9809930148661,
  5.435487663697317 4.9776388108156855,
  5.418716643445243 4.969253300689648,
  5.396075766104942 4.950805178412367,
  5.375950541802453 4.936549811198103,
  5.365887929651208 4.919778790946029,
  5.366726480663812 4.908039076769577,
  5.371757786739434 4.883721097404069,
  5.3809818478780755 4.87281993424022,
  5.38433605192849 4.861918771076372,
  5.381820398890679 4.8468248528495055,
  5.374273439777245 4.825861077534412,
  5.372596337752038 4.799865996143697,
  5.366726480663812 4.77135526171517,
  5.359179521550378 4.736136119185814,
  5.34827835838653 4.716010894883325,
  5.327314583071437 4.703432629694269,
  5.29880384864291 4.69253146653042,
  5.274485869277402 4.690854364505213,
  5.261907604088347 4.697562772606043,
  5.245136583836272 4.708463935769891,
  5.229204114596802 4.723557853996758,
  5.21075599231952 4.7470372823496625,
  5.188953665991823 4.752907139437888,
  5.165474237638919 4.752068588425285,
  5.141156258273411 4.752068588425285,
  5.107614217769262 4.754584241463096,
  5.071556524227303 4.765485404626944,
  5.061493912076058 4.785610628929433,
  5.058978259038247 4.811605710320149,
  5.067363769164284 4.841793546773883,
  5.082457687391151 4.895460811580521,
  5.0858118914415655 4.949966627399763,
  5.080780585365943 4.997764035118175,
  5.069040871189491 5.0254362185340975,
  5.0648481161264725 5.051431299924813,
  5.048915646887002 5.094197401567603,
  5.03717593271055 5.114322625870092,
  5.020404912458475 5.143671911311222,
  5.01034230030723 5.189792217004427,
  5.004472443219004 5.227527012571595,
  5.0170507084080604 5.252683542949706,
  5.0296289735971165 5.282032828390836,
  5.0296289735971165 5.3164134199075885,
  5.016212157395457 5.3558253174999635,
  4.989378524992137 5.396914317117546,
  4.964221994614026 5.4287792555964876,
  4.945773872336744 5.460644194075429,
  4.9340341581602924 5.494186234579577,
  4.927325750059462 5.517665662932481,
  4.933195607147688 5.534436683184556,
  4.944935321324141 5.546176397361008,
  4.960029239551007 5.553723356474442,
  4.9776388108156855 5.555400458499649,
  4.991055627017345 5.548692050398819,
  5.007826647269419 5.540306540272782,
  5.022920565496286 5.531921030146745,
  5.03717593271055 5.521019866982896,
  "/>
</Transform>

<Transform dim="0"
 xcoef=" 0 1 0 0 0 0"
 ycoef=" 0 0 1 0 0 0">
<Contour name="d01" hidden="false" closed="true" simplified="false" border="1.0 1.0 0.0" fill="1.0 1.0 0.0" mode="13"
 points="  4.08621380266325 4.250178197810694,
  4.13595581017989 4.288866425879192,
  4.143324996478652 4.322027764223618,
  4.156221072501484 4.355189102568045,
  4.198593893719363 4.392035034061853,
  4.253862790960074 4.404931110084685,
  4.285181832729811 4.395719627211233,
  4.309131688200786 4.382823551188401,
  4.342293026545212 4.384665847763091,
  4.37913895803902 4.37729666146433,
  4.441777041578493 4.349662212843974,
  4.4786229730723 4.33123924709707,
  4.500730531968585 4.314658577924857,
  4.535734166887702 4.310973984775476,
  4.5744223949561995 4.32939695052238,
  4.6057414367259355 4.334923840246451,
  4.638902775070362 4.33123924709707,
  4.694171672311074 4.320185467648928,
  4.729175307230191 4.318343171074238,
  4.764178942149308 4.32939695052238,
  4.791813390769664 4.345977619694593,
  4.819447839390019 4.366242882016187,
  4.828659322263471 4.406773406659376,
  4.845239991435685 4.436250151854422,
  4.883928219504183 4.456515414176016,
  4.904193481825777 4.489676752520443,
  4.913404964699229 4.515468904566108,
  4.929985633871442 4.541261056611773,
  4.944724006468965 4.5431033531864635,
  4.961304675641178 4.5707378018068185,
  4.972358455089321 4.5891607675537225,
  4.994466013985605 4.6057414367259355,
  5.005519793433747 4.6002145470018645,
  5.003677496859057 4.5836338778296515,
  4.987096827686844 4.5486302429105345,
  4.976043048238701 4.520995794290179,
  4.96683156536525 4.495203642244514,
  4.972358455089321 4.469411490198849,
  4.96867386193994 4.438092448429112,
  4.953935489342417 4.404931110084685,
  4.931827930446132 4.369927475165568,
  4.929985633871442 4.342293026545212,
  4.92261644757268 4.312816281350166,
  4.92077415099799 4.290708722453882,
  4.907878074975157 4.28333953615512,
  4.882085922929492 4.290708722453882,
  4.834186211987542 4.285181832729811,
  4.802867170217806 4.275970349856359,
  4.766021238723998 4.255705087534765,
  4.742071383253023 4.237282121787861,
  4.734702196954262 4.204120783443434,
  4.729175307230191 4.178328631397769,
  4.719963824356739 4.154378775926794,
  4.699698562035145 4.150694182777413,
  4.670221816840099 4.145167293053342,
  4.633375885346291 4.143324996478652,
  4.596529953852484 4.147009589628032,
  4.5707378018068185 4.132271217030509,
  4.532049573738321 4.119375141007677,
  4.487834455945752 4.112005954708915,
  4.456515414176016 4.097267582111392,
  4.414142592958137 4.095425285536702,
  4.368085178590878 4.091740692387321,
  4.316500874499547 4.0935829889620114,
  4.287024129304501 4.08437150608856,
  4.242809011511932 4.08437150608856,
  4.204120783443434 4.08621380266325,
  4.170959445099007 4.080686912939179,
  4.145167293053342 4.08437150608856,
  4.137798106754581 4.102794471835463,
  4.104636768410154 4.130428920455819,
  4.071475430065727 4.150694182777413,
  4.054894760893514 4.176486334823078,
  4.0530524643188235 4.204120783443434,
  4.0585793540428945 4.23359752863848,
  "/>
</Transform>

</Section>