<?xml version="1.0"?>
<!DOCTYPE Section SYSTEM "section.dtd">

<Section index="31" thickness="0.05" alignLocked="true">
<Transform dim="0"
 xcoef=" 0 1 0 0 0 0"
 ycoef=" 0 0 1 0 0 0">
<Image mag="0.00254" contrast="1" brightness="0" red="true" green="true" blue="true"
 src="..\images\FWNGV.31.jpg" />
<Contour name="domain1" type="line" hidden="false" closed="true" simplified="false" border="1 0 1" fill="1 0 1" mode="11"
 points="0 0,
	4095 0,
	4095 4095,
	0 4095,
	"/>
</Transform>

<Transform dim="0"
 xcoef=" 0 1 0 0 0 0"
 ycoef=" 0 0 1 0 0 0">
<Contour name="Bobs_Dark_Blob" type="line" hidden="false" closed="true" simplified="true" border="1 0 1" fill="1 0 1" mode="13"
 points="5.63832 1.0314,
	5.66124 0.93972,
	5.8446 0.87096,
	5.93628 0.89388,
	6.11964 1.0314,
	6.1884 1.12308,
	6.16548 1.30644,
	6.16548 1.35228,
	6.34884 1.42104,
	6.4176 1.4898,
	6.44052 1.67316,
	6.5322 1.85652,
	6.57804 1.9482,
	6.6468 2.31492,
	6.73848 2.49828,
	6.80724 2.58996,
	6.876 2.95668,
	6.89892 3.04836,
	6.876 3.14004,
	6.78432 3.2088,
	6.69264 3.16296,
	6.62388 3.07128,
	6.57804 2.88792,
	6.4176 2.7504,
	6.32592 2.68164,
	6.25716 2.31492,
	6.25716 1.9482,
	6.21132 1.85652,
	6.05088 1.74192,
	5.9592 1.67316,
	5.89044 1.4898,
	5.75292 1.32936,
	5.68416 1.23768,
	5.63832 1.05432,
	"/>
</Transform>

<Transform dim="0"
 xcoef=" 0 1 0 0 0 0"
 ycoef=" 0 0 1 0 0 0">
<Contour name="d01" hidden="false" closed="true" simplified="false" border="1.0 1.0 0.0" fill="1.0 1.0 0.0" mode="13"
 points="  4.307289391626095 4.290708722453882,
  4.358873695717426 4.27965494300574,
  4.384665847763091 4.270443460132288,
  4.410457999808756 4.266758866982907,
  4.438092448429112 4.27965494300574,
  4.469411490198849 4.290708722453882,
  4.504415125117966 4.305447095051405,
  4.539418760037083 4.316500874499547,
  4.5707378018068185 4.33123924709707,
  4.5910030641284125 4.325712357372999,
  4.5983722504271745 4.309131688200786,
  4.6038991401512455 4.287024129304501,
  4.5983722504271745 4.259389680684145,
  4.5854761744043415 4.228070638914409,
  4.561526318933367 4.193067003995292,
  4.541261056611773 4.154378775926794,
  4.52468038743956 4.126744327306438,
  4.513626607991418 4.108321361559534,
  4.495203642244514 4.104636768410154,
  4.447303931302564 4.115690547858296,
  4.37913895803902 4.145167293053342,
  4.316500874499547 4.193067003995292,
  4.264916570408217 4.220701452615648,
  4.228070638914409 4.217016859466267,
  4.200436190294053 4.189382410845911,
  4.169117148524317 4.172801741673698,
  4.143324996478652 4.189382410845911,
  4.145167293053342 4.224386045765028,
  4.163590258800246 4.27965494300574,
  4.18569781769653 4.327554653947689,
  4.202278486868744 4.344135323119903,
  4.222543749190338 4.334923840246451,
  4.257547384109455 4.323870060798309,
  4.28149723958043 4.301762501902024,
  "/>
</Transform>

<Transform dim="0"
 xcoef=" 0 1 0 0 0 0"
 ycoef=" 0 0 1 0 0 0">
<Contour name="d01" hidden="false" closed="true" simplified="false" border="1.0 1.0 0.0" fill="1.0 1.0 0.0" mode="13"
 points="  4.651798851093195 4.37913895803902,
  4.659168037391956 4.419669482682208,
  4.684960189437622 4.443619338153183,
  4.72364841750612 4.456515414176016,
  4.77339042502276 4.456515414176016,
  4.8231324325394 4.458357710750706,
  4.850766881159756 4.491519049095133,
  4.874716736630731 4.511784311416727,
  4.909720371549848 4.530207277163631,
  4.939197116744894 4.5670532086574385,
  4.953935489342417 4.618637512748768,
  4.981569937962773 4.673906409989479,
  4.998150607134986 4.707067748333906,
  5.014731276307199 4.729175307230191,
  5.036838835203484 4.732859900379572,
  5.051577207801007 4.718121527782049,
  5.060788690674459 4.694171672311074,
  5.0700001735479105 4.67574870656417,
  5.0644732838238395 4.648114257943814,
  5.062630987249149 4.62784899562222,
  5.06631558039853 4.596529953852484,
  5.071842470122601 4.5688955052321285,
  5.0644732838238395 4.550472539485225,
  5.046050318076936 4.535734166887702,
  5.023942759180651 4.522838090864869,
  5.001835200284367 4.489676752520443,
  4.990781420836224 4.456515414176016,
  4.983412234537463 4.434407855279731,
  4.972358455089321 4.425196372406279,
  4.952093192767727 4.425196372406279,
  4.92261644757268 4.412300296383447,
  4.906035778400467 4.393877330636543,
  4.863662957182588 4.366242882016187,
  4.837870805136923 4.342293026545212,
  4.812078653091258 4.318343171074238,
  4.791813390769664 4.292551019028572,
  4.758652052425237 4.274128053281668,
  4.714436934632668 4.270443460132288,
  4.672064113414789 4.285181832729811,
  4.649956554518505 4.318343171074238,
  4.649956554518505 4.349662212843974,
  "/>
</Transform>

<Transform dim="0"
 xcoef=" 0 1 0 0 0 0"
 ycoef=" 0 0 1 0 0 0">
<Contour name="d01" hidden="false" closed="true" simplified="false" border="1.0 1.0 0.0" fill="1.0 1.0 0.0" mode="13"
 points="  5.051577207801007 5.053419504375697,
  5.049734911226317 5.0902654358695045,
  5.025785055755342 5.11789988448986,
  5.007362090008438 5.147376629684906,
  5.01841586945658 5.198960933776236,
  5.051577207801007 5.239491458419424,
  5.0792116564213625 5.281864279637303,
  5.0755270632719816 5.31686791455642,
  5.06815787697322 5.353713846050228,
  5.082896249570743 5.399771260417487,
  5.086580842720124 5.429248005612533,
  5.1013192153176465 5.467936233681031,
  5.1252690707886215 5.478990013129174,
  5.158430409133048 5.475305419979793,
  5.197118637201546 5.464251640531651,
  5.221068492672521 5.442144081635366,
  5.252387534442257 5.416351929589701,
  5.291075762510755 5.401613556992178,
  5.348186956326157 5.401613556992178,
  5.379505998095893 5.386875184394655,
  5.408982743290939 5.359240735774299,
  5.425563412463153 5.327921694004563,
  5.447670971359437 5.285548872786684,
  5.467936233681031 5.246860644718186,
  5.490043792577316 5.232122272120663,
  5.515835944622981 5.224753085821901,
  5.550839579542098 5.237649161844734,
  5.578474028162454 5.245018348143496,
  5.602423883633429 5.241333754994115,
  5.6300583322537845 5.248702941292876,
  5.6429544082766165 5.259756720741019,
  5.6650619671729014 5.257914424166328,
  5.6816426363451145 5.243176051568805,
  5.674273450046353 5.222910789247211,
  5.6632196705982105 5.186064857753404,
  5.6411121117019265 5.1676418920065,
  5.6061084767828095 5.1400074433861445,
  5.576631731587764 5.1289536639380024,
  5.563735655564931 5.1105306981910985,
  5.536101206944575 5.077369359846672,
  5.504782165174839 5.049734911226317,
  5.471620826830412 5.034996538628794,
  5.447670971359437 5.022100462605961,
  5.434774895336605 4.999992903709676,
  5.431090302187224 4.972358455089321,
  5.431090302187224 4.931827930446132,
  5.432932598761914 4.898666592101706,
  5.425563412463153 4.876559033205421,
  5.401613556992178 4.861820660607898,
  5.373979108371822 4.847082288010375,
  5.31502561798173 4.815763246240639,
  5.274495093338542 4.791813390769664,
  5.239491458419424 4.762336645574618,
  5.195276340626855 4.745755976402404,
  5.176853374879952 4.749440569551785,
  5.1713264851558804 4.764178942149308,
  5.152903519408977 4.777075018172141,
  5.138165146811454 4.778917314746831,
  5.1160575879151695 4.771548128448069,
  5.0902654358695045 4.77523272159745,
  5.0792116564213625 4.801024873643116,
  5.071842470122601 4.841555398286304,
  5.088423139294814 4.885770516078873,
  5.0902654358695045 4.931827930446132,
  5.06815787697322 4.990781420836224,
  5.051577207801007 5.029469648904722,
  "/>
</Transform>

</Section>