<?xml version="1.0"?>
<!DOCTYPE Section SYSTEM "section.dtd">

<Section index="48" thickness="0.05" alignLocked="true">
<Transform dim="0"
 xcoef=" 0 1 0 0 0 0"
 ycoef=" 0 0 1 0 0 0">
<Image mag="0.00254" contrast="1" brightness="0" red="true" green="true" blue="true"
 src="..\images\FWNGV.48.jpg" />
<Contour name="domain1" type="line" hidden="false" closed="true" simplified="false" border="1 0 1" fill="1 0 1" mode="11"
 points="0 0,
	4095 0,
	4095 4095,
	0 4095,
	"/>
</Transform>

<Transform dim="0"
 xcoef=" 0 1 0 0 0 0"
 ycoef=" 0 0 1 0 0 0">
<Contour name="bob001" type="line" hidden="false" closed="true" simplified="true" border="0 0.5 0" fill="0 0.5 0" mode="11"
 points="7.38334 6.38779,
	7.39108 6.3568,
	7.39496 6.34905,
	7.42595 6.33355,
	7.44144 6.32968,
	7.45694 6.32968,
	7.47243 6.32387,
	7.50342 6.30256,
	7.52279 6.27157,
	7.53248 6.25608,
	7.53635 6.24833,
	7.56734 6.21928,
	7.59833 6.20766,
	7.60608 6.20572,
	7.62157 6.1941,
	7.62932 6.19023,
	7.6913 6.19216,
	7.70679 6.19023,
	7.73778 6.17279,
	7.75328 6.16505,
	7.76103 6.16117,
	7.79202 6.17086,
	7.80751 6.17473,
	7.82301 6.16892,
	7.83075 6.16698,
	7.83656 6.15149,
	7.83656 6.14762,
	7.82107 6.13212,
	7.81913 6.13018,
	7.83463 6.12244,
	7.86562 6.11663,
	7.88111 6.11469,
	7.89661 6.10888,
	7.91791 6.13793,
	7.92372 6.1418,
	7.95471 6.14762,
	8.01669 6.13793,
	8.04768 6.12437,
	8.06318 6.12244,
	8.07092 6.12244,
	8.10191 6.14374,
	8.11741 6.15536,
	8.1484 6.17279,
	8.16389 6.18248,
	8.19488 6.18635,
	8.21038 6.18829,
	8.27236 6.21734,
	8.30335 6.23284,
	8.36533 6.23477,
	8.39632 6.23284,
	8.42731 6.22703,
	8.43506 6.22509,
	8.46605 6.20572,
	8.48154 6.19604,
	8.51253 6.16698,
	8.52028 6.15924,
	8.5532 6.09726,
	8.5687 6.06627,
	8.57645 6.05077,
	8.59969 6.01978,
	8.60356 6.01203,
	8.60744 6.00816,
	8.62293 6.0101,
	8.63068 6.0101,
	8.63455 6.0101,
	8.64036 6.04109,
	8.62099 6.07208,
	8.61906 6.08757,
	8.62099 6.11856,
	8.61906 6.14955,
	8.62099 6.18054,
	8.62874 6.21153,
	8.63262 6.21928,
	8.62681 6.23477,
	8.61712 6.25027,
	8.55514 6.3045,
	8.53965 6.31612,
	8.52415 6.32,
	8.50866 6.31031,
	8.50091 6.3045,
	8.46992 6.30063,
	8.46411 6.30256,
	8.44087 6.33355,
	8.43506 6.3413,
	8.43312 6.3568,
	8.43699 6.38779,
	8.4583 6.41878,
	8.49316 6.48076,
	8.51059 6.51175,
	8.52415 6.54274,
	8.52609 6.57373,
	8.52802 6.58922,
	8.53965 6.62021,
	8.54933 6.63571,
	8.58032 6.66476,
	8.61131 6.68413,
	8.61906 6.688,
	8.63262 6.7035,
	8.6423 6.71899,
	8.63649 6.73449,
	8.63262 6.74223,
	8.60163 6.74417,
	8.58807 6.73061,
	8.57257 6.72093,
	8.54158 6.70931,
	8.51059 6.70156,
	8.4951 6.69575,
	8.46411 6.67638,
	8.43312 6.67444,
	8.40213 6.65314,
	8.37695 6.62408,
	8.37308 6.61827,
	8.35758 6.62796,
	8.32659 6.62796,
	8.3111 6.62215,
	8.30335 6.61827,
	8.31303 6.60278,
	8.31497 6.59891,
	8.30335 6.58535,
	8.28785 6.5776,
	8.28011 6.57373,
	8.27817 6.57179,
	8.27042 6.5776,
	8.26655 6.58147,
	8.20457 6.58922,
	8.18907 6.59116,
	8.12709 6.58147,
	8.0961 6.57179,
	8.06511 6.57373,
	8.03412 6.57179,
	8.00313 6.56598,
	7.94115 6.56211,
	7.87917 6.57179,
	7.84818 6.5776,
	7.84044 6.57954,
	7.80945 6.56598,
	7.79395 6.55823,
	7.76296 6.55048,
	7.70098 6.54274,
	7.68549 6.53693,
	7.65643 6.51175,
	7.63513 6.48076,
	7.62932 6.47495,
	7.59833 6.46526,
	7.56734 6.46139,
	7.55184 6.46139,
	7.52085 6.4517,
	7.50536 6.44396,
	7.44338 6.42846,
	7.41239 6.42071,
	7.39689 6.41684,
	7.39108 6.41103,
	7.38527 6.39553,
	7.38334 6.38972,
	"/>
</Transform>

<Transform dim="0"
 xcoef=" 0 1 0 0 0 0"
 ycoef=" 0 0 1 0 0 0">
<Contour name="Bobs_Dark_Blob" hidden="false" closed="true" simplified="false" border="1.0 0.0 1.0" fill="1.0 0.0 1.0" mode="13"
 points="  5.589896266925534 2.057292584956741,
  5.6737207610739455 2.1051922958986906,
  5.731200414204285 2.141117079105153,
  5.77431015405204 2.169856905670323,
  5.826999836088185 2.193806761141298,
  5.877294532577232 2.253681399818735,
  5.908429344689499 2.2920011685722947,
  5.982673896649522 2.318346009590367,
  6.056918448609544 2.3207409951374647,
  6.114398101739884 2.3015811107606847,
  6.147927899399248 2.23931148653615,
  6.171877754870223 2.1435120646522505,
  6.181457697058613 2.057292584956741,
  6.155112856040541 1.9830480329967188,
  6.133557986116663 1.9088034810366967,
  6.112003116192786 1.8537188134534546,
  6.090448246268909 1.7938441747760174,
  6.061708419703739 1.7172046372688978,
  6.040153549779861 1.6693049263269482,
  5.968303983366937 1.609430287649511,
  5.879689518124329 1.575900489990146,
  5.80304998061721 1.5639255622546586,
  5.7240154575629925 1.5543456200662689,
  5.6593508477913606 1.530395764595294,
  5.618636093490704 1.5040509235772215,
  5.580316324737144 1.4609411837294668,
  5.561156440360364 1.3699317329397622,
  5.534811599342292 1.2861072387913504,
  5.518046700512609 1.2214426290197182,
  5.486911888400342 1.1376181348713061,
  5.44140716300549 1.0609785973641865,
  5.379137538780955 0.9987089731396519,
  5.261783246973178 0.9627841899331896,
  5.19232866610735 0.9747591176686771,
  5.089344287582159 1.0130788864222369,
  4.995939851245357 1.0609785973641865,
  4.928880255926627 1.1663579614364759,
  4.914510342644043 1.264552368867473,
  4.92648527037953 1.3866966317694447,
  4.98396492350987 1.4896810102946367,
  5.055814489922794 1.5639255622546586,
  5.1228740852415235 1.6214052153849985,
  5.237833391502203 1.6980447528921179,
  5.324052871197712 1.7698943193050425,
  5.40308739425193 1.8273739724353824,
  5.465357018476464 1.8968285533012093,
  5.537206584889389 1.9878380040909138,
  "/>
</Transform>

</Section>