<?xml version="1.0"?>
<!DOCTYPE Section SYSTEM "section.dtd">

<Section index="12" thickness="0.05" alignLocked="true">
<Transform dim="0"
 xcoef=" 0 1 0 0 0 0"
 ycoef=" 0 0 1 0 0 0">
<Image mag="0.00254" contrast="1" brightness="0" red="true" green="true" blue="true"
 src="..\images\FWNGV.12.jpg" />
<Contour name="domain1" type="line" hidden="false" closed="true" simplified="false" border="1 0 1" fill="1 0 1" mode="11"
 points="0 0,
	4095 0,
	4095 4095,
	0 4095,
	"/>
</Transform>

<Transform dim="0"
 xcoef=" 0 1 0 0 0 0"
 ycoef=" 0 0 1 0 0 0">
<Contour name="Bobs_Dark_Blob" type="line" hidden="false" closed="true" simplified="true" border="1 0 1" fill="1 0 1" mode="13"
 points="5.97754 4.4371,
	5.96904 4.40592,
	5.9407 4.30247,
	5.91377 4.20185,
	5.94353 4.06722,
	5.98746 3.96377,
	6.15894 3.90142,
	6.21563 3.87024,
	6.34742 3.84615,
	6.45654 3.83906,
	6.56283 3.86457,
	6.6181 3.90567,
	6.6436 3.9581,
	6.64219 4.00912,
	6.63085 4.07714,
	6.594 4.17068,
	6.55716 4.26137,
	6.52315 4.33648,
	6.48488 4.39317,
	6.42678 4.42576,
	6.33041 4.42435,
	6.28648 4.40876,
	6.23405 4.41301,
	6.17453 4.4286,
	6.10934 4.46544,
	6.02431 4.45411,
	"/>
</Transform>

<Transform dim="0"
 xcoef=" 0 1 0 0 0 0"
 ycoef=" 0 0 1 0 0 0">
<Contour name="d01" type="line" hidden="false" closed="true" simplified="false" border="1 1 0" fill="1 1 0" mode="13"
 points="5.05259 5.41768,
	5.04614 5.40543,
	5.04163 5.3835,
	5.03647 5.36608,
	5.02228 5.33705,
	5.00808 5.30416,
	4.99518 5.28029,
	4.98357 5.26546,
	4.97261 5.24997,
	4.96164 5.22804,
	4.95906 5.21321,
	4.96358 5.19515,
	4.96616 5.16934,
	4.97132 5.14419,
	4.97648 5.12226,
	4.98551 5.10097,
	5.00034 5.07775,
	5.01195 5.0584,
	5.02163 5.04292,
	5.03453 5.02615,
	5.04808 5.0126,
	5.05453 4.99712,
	5.05969 4.97906,
	5.07065 4.961,
	5.08097 4.95132,
	5.09065 4.94745,
	5.1042 4.94552,
	5.11839 4.94294,
	5.12935 4.93713,
	5.14032 4.92165,
	5.15128 4.90423,
	5.16096 4.89004,
	5.17515 4.87779,
	5.19128 4.87392,
	5.19966 4.86876,
	5.21385 4.8565,
	5.23836 4.84618,
	5.25642 4.84102,
	5.28481 4.83199,
	5.30351 4.82876,
	5.32738 4.82618,
	5.34609 4.82941,
	5.37318 4.83392,
	5.39124 4.8436,
	5.40994 4.86102,
	5.42155 4.87908,
	5.42865 4.90036,
	5.43188 4.92036,
	5.43188 4.93455,
	5.43059 4.95132,
	5.4293 4.96487,
	5.42607 4.97648,
	5.41897 4.98809,
	5.40865 5.00099,
	5.39898 5.00873,
	5.38479 5.02357,
	5.37705 5.03518,
	5.36995 5.05195,
	5.36479 5.06549,
	5.36221 5.08291,
	5.36092 5.09581,
	5.36479 5.10807,
	5.37124 5.12032,
	5.37576 5.13322,
	5.3764 5.14161,
	5.37382 5.1558,
	5.3764 5.16934,
	5.38027 5.18354,
	5.38414 5.1945,
	5.3893 5.21385,
	5.39317 5.2274,
	5.39382 5.23772,
	5.39253 5.24546,
	5.38866 5.25513,
	5.38414 5.26481,
	5.38221 5.27384,
	5.38221 5.28932,
	5.37963 5.30416,
	5.37447 5.3177,
	5.36802 5.33512,
	5.35899 5.35189,
	5.35189 5.36673,
	5.34221 5.38414,
	5.33383 5.40672,
	5.32996 5.42284,
	5.32673 5.43446,
	5.31835 5.44413,
	5.3048 5.44929,
	5.29319 5.45381,
	5.27513 5.46026,
	5.25578 5.46671,
	5.22869 5.47509,
	5.20998 5.48025,
	5.18225 5.48735,
	5.15128 5.49122,
	5.13193 5.49509,
	5.12161 5.49573,
	5.11387 5.49122,
	5.09968 5.4738,
	5.08033 5.45381,
	5.05904 5.42607,
	"/>
</Transform>

<Transform dim="0"
 xcoef=" 0 1 0 0 0 0"
 ycoef=" 0 0 1 0 0 0">
<Contour name="Java2018062016a" type="line" hidden="false" closed="true" simplified="false" border="1.0 0.0 0.0" fill="1.0 0.0 0.0" mode="13"
 points="6.219876666396964 9.450981428161619,
	6.191533642170958 9.414135496667813,
	6.166024920367552 9.350363692159299,
	6.1490191058319486 9.261083165847381,
	6.122093232817243 9.200145663761468,
	6.124927535239844 9.15621397621116,
	6.1603563155223515 9.116533742294752,
	6.187282188537057 9.11228228866085,
	6.272311261215074 9.085356415646146,
	6.343168821780088 9.064099147476641,
	6.433866499303306 9.055596240208839,
	6.5160612695587234 9.05417908899754,
	6.571330166799434 9.055596240208839,
	6.625181912828846 9.055596240208839,
	6.6606106931113525 9.05984769384274,
	6.671947902801755 9.072602054744443,
	6.700290927027761 9.096693625336547,
	6.738554009732868 9.125036649562553,
	6.765479882747574 9.147711068943359,
	6.782485697283177 9.163299732267662,
	6.788154302128379 9.188808454071067,
	6.79665720939618 9.219985780719673,
	6.806577267875283 9.268168921903882,
	6.817914477565685 9.300763399763788,
	6.84342319936909 9.327689272778494,
	6.874600526017696 9.343277936102798,
	6.911446457511504 9.370203809117504,
	6.931286574469707 9.385792472441807,
	6.948292389005311 9.418386950301713,
	6.956795296273113 9.450981428161619,
	6.956795296273113 9.50341602297973,
	6.938372330526209 9.543096256896138,
	6.8916063405533 9.589862246869048,
	6.842006048157789 9.616788119883752,
	6.74280546336677 9.65363405137756,
	6.698873775816461 9.657885505011462,
	6.652107785843551 9.65363405137756,
	6.59683888860284 9.639462539264558,
	6.562827259531633 9.622456724728954,
	6.523147025615224 9.589862246869048,
	6.474963884431015 9.588445095657747,
	6.457958069895412 9.571439281122144,
	6.423946440824205 9.55585061779784,
	6.3984377190208 9.558684920220442,
	6.364426089949593 9.55018201295264,
	6.326163007244485 9.526090442360534,
	6.287899924539377 9.500581720557129,
	6.246802539411669 9.475072998753724,
	"/>
</Transform>

<Transform dim="0"
 xcoef=" 0 1 0 0 0 0"
 ycoef=" 0 0 1 0 0 0">
<Contour name="bob001" type="line" hidden="false" closed="true" simplified="false" border="0.0 0.4666666666666667 0.0" fill="0.0 0.4666666666666667 0.0" mode="13"
 points="6.707376683084262 7.672456657979758,
	6.680450810069557 7.651199389810254,
	6.671947902801755 7.600181946203444,
	6.69462232218256 7.576090375611339,
	6.732885404887668 7.547747351385333,
	6.764062731536273 7.503815663835024,
	6.805160116663982 7.472638337186417,
	6.8462575017916905 7.425872347213508,
	6.908612155088903 7.374854903606698,
	6.931286574469707 7.347929030591993,
	6.9355380281036085 7.323837459999887,
	6.8930234917646 7.269985713970477,
	6.84484035058039 7.223219723997567,
	6.834920292101288 7.1580307682777535,
	6.864680467538594 7.112681929516144,
	6.9355380281036085 7.112681929516144,
	7.004978437457322 7.111264778304844,
	7.0616644859093345 7.13677350010825,
	7.115516231938745 7.150945012221253,
	7.197711002194162 7.152362163432553,
	7.248728445800972 7.1764537340246575,
	7.261482806702674 7.213299665518465,
	7.3210031575772865 7.261482806702674,
	7.389026415719701 7.312500250309485,
	7.43437525448131 7.347929030591993,
	7.438626708115211 7.3876092645084,
	7.4400438593265115 7.427289498424808,
	7.474055488397718 7.475472639609018,
	7.449963917805613 7.509484268680225,
	7.381940659663199 7.522238629581928,
	7.3323403672676895 7.520821478370627,
	7.278488621238278 7.564753165920936,
	7.250145597012272 7.63277642406335,
	7.248728445800972 7.695131077360563,
	7.227471177631468 7.73197700885437,
	7.182122338869859 7.7886630573063815,
	7.143859256164751 7.8297604424340905,
	7.115516231938745 7.841097652124493,
	7.0914246613466405 7.822674686377589,
	7.0432415201624305 7.804251720630685,
	7.003561286246023 7.8000002669967845,
	6.962463901118314 7.83259474485669,
	6.929869423258407 7.860937769082697,
	6.902943550243702 7.907703759055606,
	6.902943550243702 7.945966841760714,
	6.877434828440297 7.967224109930219,
	6.8278345360447865 7.987064226888422,
	6.782485697283177 8.019658704748329,
	6.739971160944169 8.046584577763035,
	6.69745662460516 8.032413065650031,
	6.681867961280857 7.982812773254521,
	6.718713892774664 7.940298236915512,
	6.737136858521568 7.899200851787804,
	6.732885404887668 7.792914510940283,
	6.724382497619866 7.697965379783163,
	"/>
</Transform>

<Transform dim="0"
 xcoef=" 0 1 0 0 0 0"
 ycoef=" 0 0 1 0 0 0">
<Contour name="Bezier2" type="bezier" hidden="false" closed="true" simplified="false" border="0.0 1.0 1.0" fill="0.0 1.0 1.0" mode="13"
 points="  5.382340300518493 3.042623650661718,
  5.4886266413660145 3.024200684914814,
  5.582158621311834 3.0057777191679103,
  5.637427518552545 2.9207486464898933,
  5.620421704016941 2.871148354094383,
  5.616170250383041 2.8087937007971706,
  5.682776357314154 2.742187593866057,
  5.791897000584276 2.702507359949649,
  5.85850310751539 2.7251817793304536,
  5.8599202587266905 2.7549419547677596,
  5.898183341431798 2.791787886261567,
  5.942115028982107 2.7932050374728674,
  6.020058345603623 2.787536432627666,
  6.076744394055634 2.7847021302050656,
  6.099418813436439 2.803125095951969,
  6.0824129989008355 2.8428053298683773,
  6.034229857716626 2.85697684198138,
  6.001635379856719 2.900908529531689,
  6.00730398470192 3.046875104295619,
  6.008721135913221 3.1389899330301376,
  6.017224043181022 3.2325219129759564,
  5.988881018955016 3.279287902948866,
  6.0044696822793195 3.3076309271748716,
  6.0824129989008355 3.313299532020073,
  6.132013291296345 3.324636741710475,
  6.151853408254549 3.3643169756268834,
  6.122093232817243 3.4054143607545915,
  6.076744394055634 3.4210030240788947,
  6.0115554383358205 3.416751570444994,
  5.980378111687215 3.432340233769297,
  5.927943516869104 3.4535975019388014,
  5.85708595630409 3.4748547701083057,
  5.767805429992172 3.486191979798708,
  5.726708044864463 3.476271921319606,
  5.694113567004557 3.479106223742207,
  5.648764728242948 3.4975291894891103,
  5.606250191903938 3.511700701602113,
  5.582158621311834 3.4776890725309064,
  5.51555251438072 3.357231219570382,
  5.473037978041711 3.333139648978277,
  5.437609197759205 3.318968136865274,
  5.393677510208896 3.3203852880765745,
  5.3440772178133855 3.327471044133076,
  5.301562681474377 3.3317224977669766,
  5.297311227840476 3.303379473540971,
  5.356831578715088 3.269367844469764,
  5.36816878840549 3.208430342383852,
  5.331322856911683 3.170167259678744,
  5.259048145135368 3.1730015621013443,
  5.208030701528558 3.1673329572561433,
  5.198110643049456 3.127652723339735,
  5.242042330599765 3.078052430944225,
  5.294476925417875 3.0667152212538227,
  "/>
</Transform>

</Section>