<?xml version="1.0"?>
<!DOCTYPE Section SYSTEM "section.dtd">

<Section index="24" thickness="0.05" alignLocked="true">
<Transform dim="0"
 xcoef=" 0 1 0 0 0 0"
 ycoef=" 0 0 1 0 0 0">
<Image mag="0.00254" contrast="1" brightness="0" red="true" green="true" blue="true"
 src="..\images\FWNGV.24.jpg" />
<Contour name="domain1" type="line" hidden="false" closed="true" simplified="false" border="1 0 1" fill="1 0 1" mode="11"
 points="0 0,
	4095 0,
	4095 4095,
	0 4095,
	"/>
</Transform>

<Transform dim="0"
 xcoef=" 0 1 0 0 0 0"
 ycoef=" 0 0 1 0 0 0">
<Contour name="Bobs_Dark_Blob" type="line" hidden="false" closed="true" simplified="true" border="1 0 1" fill="1 0 1" mode="13"
 points="6.32018 3.70014,
	6.48059 3.35793,
	6.49128 3.18682,
	6.43781 3.01572,
	6.41642 2.97294,
	6.42712 2.80184,
	6.42712 2.75906,
	6.48059 2.67351,
	6.52337 2.65212,
	6.56614 2.65212,
	6.60892 2.67351,
	6.67308 2.75906,
	6.76933 2.93017,
	6.80141 2.97294,
	6.85488 3.14405,
	6.88696 3.2296,
	6.90835 3.40071,
	6.90835 3.44348,
	6.85488 3.52903,
	6.76933 3.5932,
	6.68378 3.63597,
	6.641 3.66806,
	6.61961 3.68944,
	6.44851 3.72153,
	6.36295 3.74291,
	6.32018 3.71083,
	"/>
</Transform>

<Transform dim="0"
 xcoef=" 0 1 0 0 0 0"
 ycoef=" 0 0 1 0 0 0">
<Contour name="d01" hidden="false" closed="true" simplified="false" border="1.0 1.0 0.0" fill="1.0 1.0 0.0" mode="13"
 points="  5.101744360681036 5.440518969772939,
  5.136124952197789 5.4514201329367875,
  5.162958584601108 5.457289990025013,
  5.196500625105257 5.458128541037618,
  5.249329338899291 5.4514201329367875,
  5.282871379403439 5.453097234961995,
  5.3432470523109075 5.4430346228107505,
  5.360856623575586 5.422909398508261,
  5.363372276613397 5.402784174205772,
  5.365887929651208 5.381820398890679,
  5.374273439777245 5.3600180725629825,
  5.389367358004113 5.328153134084041,
  5.402784174205772 5.306350807756344,
  5.4120082353444126 5.286225583453855,
  5.426263602558676 5.271131665226988,
  5.439680418760336 5.250167889911895,
  5.4430346228107505 5.2333968696598205,
  5.437164765722525 5.224172808521179,
  5.4287792555964876 5.215787298395142,
  5.41368533736962 5.204886135231294,
  5.4036227252183755 5.196500625105257,
  5.394398664079735 5.175536849790164,
  5.400268521167961 5.154573074475071,
  5.401945623193168 5.130255095109563,
  5.394398664079735 5.105937115744055,
  5.382658949903282 5.06652521815168,
  5.3684035826890195 5.015373606382853,
  5.352471113449549 4.976800259803082,
  5.344924154336115 4.939904015248518,
  5.346601256361323 4.906361974744369,
  5.3600180725629825 4.876174138290636,
  5.372596337752038 4.860241669051165,
  5.386851704966301 4.833408036647845,
  5.393560113067131 4.822506873483997,
  5.408654031293998 4.814959914370564,
  5.425425051546072 4.797350343105886,
  5.433810561672109 4.781417873866415,
  5.43632621470992 4.774709465765585,
  5.432972010659506 4.7696781596899624,
  5.422909398508261 4.770516710702567,
  5.401945623193168 4.77135526171517,
  5.371757786739434 4.773032363740378,
  5.344924154336115 4.772193812727774,
  5.321444725983211 4.780579322853812,
  5.293772542567289 4.793157588042867,
  5.2728087672521955 4.812444261332753,
  5.266100359151365 4.813282812345356,
  5.2560377470001205 4.805735853231923,
  5.242620930798461 4.793996139055471,
  5.225849910546387 4.788126281967244,
  5.2124330943447275 4.789803383992452,
  5.20404758421869 4.796511792093282,
  5.19733917611786 4.8074129552571305,
  5.183922359916201 4.819991220446186,
  5.162958584601108 4.828376730572224,
  5.141994809286015 4.831730934622638,
  5.129416544096959 4.8384393427234675,
  5.13193219713477 4.851017607912524,
  5.127739442071752 4.869465730189805,
  5.107614217769262 4.8862367504418796,
  5.093358850554999 4.903846321706558,
  5.07994203435334 4.918101688920822,
  5.0606553610634535 4.937388362210707,
  5.044722891823983 4.962544892588818,
  5.041368687773568 4.989378524992137,
  5.043884340811379 5.024597667521494,
  5.048077095874398 5.0648481161264725,
  5.041368687773568 5.0774263813155285,
  5.028790422584512 5.082457687391151,
  5.01034230030723 5.0900046465045845,
  4.993571280055156 5.099228707643225,
  4.983508667903911 5.113484074857488,
  4.983508667903911 5.136963503210392,
  4.986862871954327 5.1646356866263154,
  4.988539973979534 5.1855994619414085,
  4.9809930148661 5.20404758421869,
  4.975961708790478 5.222495706495972,
  4.979315912840893 5.231719767634613,
  4.984347218916516 5.249329338899291,
  4.975961708790478 5.266100359151365,
  4.970091851702252 5.283709930416044,
  4.9734460557526665 5.311382113831966,
  4.982670116891308 5.33486154218487,
  5.003633892206401 5.3642108276260005,
  5.014535055370249 5.38433605192849,
  5.03046752460972 5.3994299701553565,
  5.046399993849191 5.401945623193168,
  5.063171014101265 5.417878092432638,
  5.080780585365943 5.431294908634299,
  "/>
</Transform>

</Section>