<?xml version="1.0"?>
<!DOCTYPE Section SYSTEM "section.dtd">

<Section index="16" thickness="0.05" alignLocked="true">
<Transform dim="0"
 xcoef=" 0 1 0 0 0 0"
 ycoef=" 0 0 1 0 0 0">
<Image mag="0.00254" contrast="1" brightness="0" red="true" green="true" blue="true"
 src="..\images\FWNGV.16.jpg" />
<Contour name="domain1" type="line" hidden="false" closed="true" simplified="false" border="1 0 1" fill="1 0 1" mode="11"
 points="0 0,
	4095 0,
	4095 4095,
	0 4095,
	"/>
</Transform>

<Transform dim="0"
 xcoef=" 0 1 0 0 0 0"
 ycoef=" 0 0 1 0 0 0">
<Contour name="Bobs_Dark_Blob" type="line" hidden="false" closed="true" simplified="true" border="1 0 1" fill="1 0 1" mode="13"
 points="5.96457 3.92851,
	5.98992 3.86092,
	6.03216 3.79333,
	6.16733 3.67505,
	6.30251 3.58212,
	6.43768 3.53143,
	6.47148 3.51454,
	6.60665 3.52298,
	6.74182 3.54833,
	6.80941 3.60747,
	6.82631 3.64126,
	6.75027 3.77644,
	6.65734 3.91161,
	6.58975 3.97075,
	6.55596 3.99609,
	6.42079 4.03834,
	6.28561 4.06368,
	6.21802 4.05523,
	6.08285 4.00454,
	6.01526 3.9792,
	5.98147 3.95385,
	5.96457 3.93696,
	"/>
</Transform>

<Transform dim="0"
 xcoef=" 0 1 0 0 0 0"
 ycoef=" 0 0 1 0 0 0">
<Contour name="d01" type="line" hidden="false" closed="true" simplified="false" border="1 1 0" fill="1 1 0" mode="13"
 points="5.0971 5.39124,
	5.08033 5.38414,
	5.06807 5.37834,
	5.0513 5.35576,
	5.03905 5.33705,
	5.01776 5.30609,
	5.00421 5.28352,
	4.99002 5.27513,
	4.97261 5.26997,
	4.95777 5.25836,
	4.94681 5.23836,
	4.94294 5.19966,
	4.94487 5.16612,
	4.95326 5.14999,
	4.95326 5.12484,
	4.96035 5.10871,
	4.96422 5.09065,
	4.97325 5.07775,
	4.98357 5.07452,
	4.98809 5.06485,
	4.99067 5.04679,
	5.00357 5.03518,
	5.01776 5.02679,
	5.02357 5.01454,
	5.0326 5.00486,
	5.04163 5.00163,
	5.04872 5.00357,
	5.05711 4.9997,
	5.06485 4.98228,
	5.07775 4.96358,
	5.08613 4.941,
	5.08871 4.91584,
	5.08549 4.88811,
	5.07775 4.87521,
	5.0713 4.8636,
	5.07323 4.85005,
	5.0842 4.83779,
	5.09452 4.82941,
	5.10484 4.82489,
	5.12097 4.82231,
	5.1358 4.82102,
	5.14483 4.82296,
	5.15709 4.83263,
	5.17128 4.83199,
	5.18418 4.82296,
	5.2074 4.81328,
	5.23062 4.80167,
	5.24352 4.79522,
	5.26546 4.79458,
	5.28674 4.79522,
	5.299 4.79909,
	5.31835 4.80232,
	5.3306 4.80748,
	5.34415 4.82489,
	5.34609 4.84102,
	5.34802 4.86102,
	5.34738 4.88101,
	5.34286 4.9023,
	5.34028 4.91971,
	5.3377 4.93649,
	5.32996 4.95519,
	5.32544 4.96293,
	5.32351 4.98551,
	5.32157 4.99841,
	5.31706 5.01454,
	5.31512 5.02163,
	5.31383 5.02873,
	5.31835 5.03389,
	5.33125 5.04163,
	5.34221 5.04937,
	5.35254 5.0584,
	5.36157 5.06807,
	5.36737 5.07968,
	5.36866 5.09129,
	5.36995 5.10162,
	5.3635 5.11065,
	5.36544 5.11839,
	5.36415 5.12806,
	5.3635 5.14032,
	5.3577 5.15386,
	5.35641 5.16289,
	5.35963 5.17838,
	5.36415 5.19644,
	5.36544 5.21063,
	5.36286 5.22224,
	5.36157 5.23901,
	5.36157 5.25578,
	5.36157 5.27384,
	5.36221 5.28481,
	5.35899 5.29255,
	5.34867 5.29964,
	5.33899 5.30738,
	5.32609 5.32609,
	5.32286 5.34221,
	5.31125 5.35899,
	5.29835 5.37511,
	5.27965 5.38995,
	5.26159 5.40607,
	5.24804 5.41381,
	5.23707 5.41704,
	5.22546 5.41962,
	5.20998 5.42865,
	5.19515 5.43381,
	5.18031 5.43446,
	5.16418 5.4351,
	5.14935 5.43317,
	5.13838 5.42478,
	5.12613 5.41446,
	5.11323 5.40027,
	"/>
</Transform>

<Transform dim="0"
 xcoef=" 0 1 0 0 0 0"
 ycoef=" 0 0 1 0 0 0">
<Contour name="Java2018062016a" type="line" hidden="false" closed="true" simplified="false" border="1.0 0.0 0.0" fill="1.0 0.0 0.0" mode="13"
 points="5.967623750785512 9.252580258579579,
	5.933612121714305 9.20723141981797,
	5.9052690974883 9.173219790746764,
	5.847165897824987 9.151962522577259,
	5.791897000584276 9.119368044717351,
	5.7522167666678685 9.085356415646146,
	5.730959498498364 9.031504669616734,
	5.772056883626072 9.00457879660203,
	5.817405722387681 8.983321528432525,
	5.872674619628393 8.967732865108221,
	5.953452238672509 8.928052631191813,
	6.017224043181022 8.90679536302231,
	6.073910091633033 8.896875304543206,
	6.110756023126841 8.901126758177108,
	6.150436257043249 8.892623850909306,
	6.218459515185663 8.896875304543206,
	6.277979866060275 8.894041002120606,
	6.316242948765383 8.895458153331907,
	6.346003124202689 8.91104681665621,
	6.3899348117529975 8.932304084825715,
	6.421112138401604 8.940806992093515,
	6.45228946505021 8.939389840882216,
	6.472129582008415 8.950727050572619,
	6.510392664713522 8.979070074798624,
	6.541569991362128 9.005995947813329,
	6.572747318010735 9.028670367194133,
	6.59967319102544 9.037173274461935,
	6.633684820096647 9.027253215982833,
	6.656359239477452 9.028670367194133,
	6.670530751590455 9.038590425673236,
	6.681867961280857 9.06126484505404,
	6.698873775816461 9.093859322913946,
	6.717296741563365 9.11086513744955,
	6.741388312155469 9.11228228866085,
	6.751308370634571 9.125036649562553,
	6.759811277902373 9.140625312886856,
	6.7796513948605766 9.198728512550169,
	6.813663023931784 9.279506131594285,
	6.836337443312589 9.322020667933293,
	6.854760409059492 9.377289565174005,
	6.8689319211724955 9.429724159992116,
	6.860429013904693 9.462318637852022,
	6.830668838467387 9.49916456934583,
	6.782485697283177 9.523256139937935,
	6.747056917000671 9.530341895994436,
	6.700290927027761 9.527507593571835,
	6.6535249370548515 9.523256139937935,
	6.612427551927143 9.530341895994436,
	6.5571586546864316 9.534593349628336,
	6.507558362290922 9.530341895994436,
	6.456540918684111 9.533176198417037,
	6.347420275413989 9.528924744783135,
	6.319077251187983 9.520421837515334,
	6.277979866060275 9.497747418134528,
	6.243968236989068 9.463735789063323,
	6.192950793382257 9.419804101513012,
	6.151853408254549 9.408466891822611,
	6.110756023126841 9.40563258940001,
	6.076744394055634 9.387209623653106,
	6.034229857716626 9.343277936102798,
	6.001635379856719 9.307849155820291,
	"/>
</Transform>

<Transform dim="0"
 xcoef=" 0 1 0 0 0 0"
 ycoef=" 0 0 1 0 0 0">
<Contour name="bob001" type="line" hidden="false" closed="true" simplified="false" border="0.0 0.4666666666666667 0.0" fill="0.0 0.4666666666666667 0.0" mode="13"
 points="7.010647042302524 8.030995914438732,
	6.961046749907013 7.996984285367525,
	6.915697911145404 7.957304051451116,
	6.897274945398501 7.917623817534708,
	6.904360701455002 7.862354920293996,
	6.917115062356705 7.760320033080376,
	6.929869423258407 7.627107819218149,
	6.934120876892308 7.517987175948027,
	6.94545808658271 7.431540952058709,
	6.918532213568005 7.3847749620858,
	6.921366515990606 7.3507633330145925,
	6.956795296273113 7.33942612332419,
	6.98797262292172 7.268568562759176,
	6.968132505963515 7.197711002194162,
	6.949709540216611 7.152362163432553,
	6.972383959597416 7.078670300444938,
	7.024818554415527 7.064498788331935,
	7.097093266191841 7.0432415201624305,
	7.1466935585873514 7.051744427430232,
	7.207631060673264 7.0985104174031415,
	7.245894143378371 7.1396078025308505,
	7.292660133351281 7.18495664129246,
	7.325254611211188 7.227471177631468,
	7.33517466969029 7.277071470026978,
	7.381940659663199 7.312500250309485,
	7.444295312960412 7.323837459999887,
	7.492478454144622 7.319586006365987,
	7.543495897751432 7.329506064845089,
	7.625690668006849 7.3323403672676895,
	7.710719740684866 7.325254611211188,
	7.763154335502977 7.318168855154687,
	7.787245906095081 7.33800897211289,
	7.781577301249881 7.3691862987614964,
	7.7589028818690755 7.408866532677905,
	7.733394160065671 7.4216208935796075,
	7.705051135839665 7.43437525448131,
	7.68379386767016 7.444295312960412,
	7.655450843444155 7.462718278707316,
	7.591679038935641 7.479724093242919,
	7.553415956230534 7.48680984929942,
	7.53074153684973 7.510901419891526,
	7.498147058989823 7.53499299048363,
	7.464135429918616 7.5364101416949305,
	7.438626708115211 7.542078746540132,
	7.408866532677905 7.570421770766138,
	7.3621005427049955 7.607267702259945,
	7.298328738196482 7.659702297078056,
	7.2543970506461735 7.68237671645886,
	7.240225538533171 7.727725555220469,
	7.23739123611057 7.804251720630685,
	7.2288883288427686 7.921875271168609,
	7.240225538533171 7.965806958718918,
	7.3139174015207855 8.015407251114429,
	7.330923216056389 8.065007543509939,
	7.296911586985182 8.114607835905447,
	7.214716816729766 8.12311074317325,
	7.179288036447258 8.116024987116749,
	7.125436290417847 8.103270626215046,
	7.051744427430232 8.056504636242137,
	"/>
</Transform>

</Section>