<?xml version="1.0"?>
<!DOCTYPE Section SYSTEM "section.dtd">

<Section index="41" thickness="0.05" alignLocked="true">
<Transform dim="0"
 xcoef=" 0 1 0 0 0 0"
 ycoef=" 0 0 1 0 0 0">
<Image mag="0.00254" contrast="1" brightness="0" red="true" green="true" blue="true"
 src="..\images\FWNGV.41.jpg" />
<Contour name="domain1" type="line" hidden="false" closed="true" simplified="false" border="1 0 1" fill="1 0 1" mode="11"
 points="0 0,
	4095 0,
	4095 4095,
	0 4095,
	"/>
</Transform>

<Transform dim="0"
 xcoef=" 0 1 0 0 0 0"
 ycoef=" 0 0 1 0 0 0">
<Contour name="bob001" type="line" hidden="false" closed="true" simplified="false" border="0.0 0.5 0.0" fill="0.0 0.5 0.0" mode="13"
 points="7.632634708942221 6.88834689276731,
	7.682376716458861 6.917823637962356,
	7.728434130826121 6.919665934537046,
	7.7818607314921415 6.927035120835808,
	7.8131797732618775 6.934404307134569,
	7.840814221882233 6.947300383157402,
	7.870290967077279 6.960196459180234,
	7.907136898571087 6.993357797524661,
	7.931086754042061 7.002569280398113,
	7.953194312938346 6.997042390674042,
	7.984513354708082 6.976777128352448,
	8.002936320454987 6.949142679732092,
	8.030570769075341 6.914139044812975,
	8.045309141672865 6.89203148591669,
	8.072943590293221 6.873608520169787,
	8.109789521787029 6.864397037296335,
	8.139266266982075 6.838604885250669,
	8.17611219847588 6.810970436630314,
	8.227696502567213 6.766755318837745,
	8.257173247762259 6.7593861325389835,
	8.277438510083853 6.763070725688364,
	8.295861475830757 6.774124505136506,
	8.31428444157766 6.774124505136506,
	8.332707407324563 6.7538592428149125,
	8.345603483347396 6.7280670907692475,
	8.358499559370228 6.6949057524248206,
	8.36586874566899 6.670955896953846,
	8.380607118266513 6.652532931206942,
	8.399030084013416 6.64332144833349,
	8.4211376429097 6.64332144833349,
	8.434033718932534 6.652532931206942,
	8.452456684679438 6.647006041482871,
	8.470879650426342 6.626740779161277,
	8.496671802472006 6.604633220264992,
	8.533517733965814 6.573314178495256,
	8.539044623689886 6.547522026449591,
	8.539044623689886 6.518045281254545,
	8.546413809988646 6.49593772235826,
	8.531675437391124 6.473830163461976,
	8.502198692196078 6.459091790864453,
	8.459825870978198 6.457249494289762,
	8.41561075318563 6.453564901140381,
	8.345603483347396 6.453564901140381,
	8.308757551853589 6.453564901140381,
	8.275596213509163 6.449880307991001,
	8.249804061463497 6.436984231968168,
	8.207431240245619 6.438826528542858,
	8.181639088199953 6.44803801141631,
	8.139266266982075 6.455407197715072,
	8.111631818361719 6.44619571484162,
	8.078470480017291 6.429615045669407,
	8.065574403994459 6.422245859370645,
	8.039782251948793 6.418561266221264,
	8.013990099903129 6.416718969646574,
	7.97161727868525 6.411192079922503,
	7.9237175677433 6.40013830047436,
	7.866606373927898 6.40013830047436,
	7.8094951801124965 6.403822893623741,
	7.765280062319928 6.39645370732498,
	7.708168868504527 6.389084521026218,
	7.671322937010719 6.376188445003386,
	7.619738632919389 6.366976962129934,
	7.553415956230535 6.372503851854005,
	7.474197203518849 6.379873038152766,
	7.439193568599732 6.370661555279314,
	7.391293857657782 6.366976962129934,
	7.356290222738665 6.385399927876837,
	7.343394146715832 6.431457342244097,
	7.361817112462736 6.455407197715072,
	7.400505340531234 6.477514756611356,
	7.457616534346635 6.510676094955783,
	7.48156638981761 6.547522026449591,
	7.477881796668229 6.595421737391541,
	7.457616534346635 6.637794558609419,
	7.457616534346635 6.663586710655084,
	7.442878161749112 6.685694269551369,
	7.407874526829995 6.7041172352982725,
	7.391293857657782 6.7299093873439375,
	7.400505340531234 6.781493691435268,
	7.43182438230097 6.799916657182171,
	7.474197203518849 6.805443546906243,
	7.503673948713895 6.796232064032791,
	7.544204473357083 6.803601250331552,
	7.571838921977439 6.84044718182536,
	"/>
</Transform>

<Transform dim="0"
 xcoef=" 0 1 0 0 0 0"
 ycoef=" 0 0 1 0 0 0">
<Contour name="Bobs_Dark_Blob" hidden="false" closed="true" simplified="false" border="1.0 0.0 1.0" fill="1.0 0.0 1.0" mode="13"
 points="  5.932379200160474 2.0046029029205963,
  6.028178622044374 2.0908223826161056,
  6.126373029475371 2.1674619201232255,
  6.2006175814353925 2.2225465877064674,
  6.262887205659927 2.253681399818735,
  6.315576887696072 2.2608663564600273,
  6.370661555279314 2.224941573253565,
  6.413771295127069 2.1770418623116154,
  6.437721150598044 2.1147722380870806,
  6.437721150598044 2.0453176572212537,
  6.423351237315459 1.9638881486199389,
  6.401796367391581 1.870483712283137,
  6.389821439656094 1.78186924704053,
  6.363476598638022 1.6860698251566306,
  6.344316714261242 1.609430287649511,
  6.315576887696072 1.4992609524830265,
  6.274862133395414 1.422621414975907,
  6.2245674369063675 1.36274677629847,
  6.169482769323126 1.32442700754491,
  6.100028188457299 1.300477152073935,
  6.028178622044374 1.300477152073935,
  5.956329055631449 1.3028721376210326,
  5.872504561483037 1.3268219930920075,
  5.781495110693332 1.35316683411008,
  5.644980934508776 1.3843016462223472,
  5.575526353642949 1.3603517907513725,
  5.506071772777122 1.319637036450715,
  5.439012177458392 1.2765272966029604,
  5.41266733644032 1.2190476434726207,
  5.40308739425193 1.1855178458132558,
  5.407877365346125 1.1328281637771112,
  5.434222206364197 1.068163554005479,
  5.477331946211952 0.9819440743099694,
  5.518046700512609 0.8765647102376801,
  5.527626642700999 0.802320158277658,
  5.498886816135829 0.6993357797524661,
  5.44140716300549 0.6442511121692239,
  5.350397712215785 0.5987463867743716,
  5.216278521578325 0.6035363578685666,
  5.074974374299574 0.6466460977163214,
  4.97438498132148 0.7448405051473184,
  4.952830111397602 0.8597998114079977,
  4.948040140303407 0.9795490887628721,
  4.969595010227285 1.0897184239293565,
  5.027074663357625 1.1663579614364759,
  5.072579388752477 1.2980821665268376,
  5.163588839542181 1.4369913282584919,
  5.2402283770493 1.5423706923307814,
  5.352792697762882 1.628590172026291,
  5.45098710519388 1.6764898829682406,
  5.601871194661021 1.7315745505514828,
  5.7168305009217 1.767499333757945,
  5.788680067334625 1.8537188134534546,
  5.862924619294647 1.9447282642431591,
  "/>
</Transform>

</Section>