<?xml version="1.0"?>
<!DOCTYPE Section SYSTEM "section.dtd">

<Section index="42" thickness="0.05" alignLocked="true">
<Transform dim="0"
 xcoef=" 0 1 0 0 0 0"
 ycoef=" 0 0 1 0 0 0">
<Image mag="0.00254" contrast="1" brightness="0" red="true" green="true" blue="true"
 src="..\images\FWNGV.42.jpg" />
<Contour name="domain1" type="line" hidden="false" closed="true" simplified="false" border="1 0 1" fill="1 0 1" mode="11"
 points="0 0,
	4095 0,
	4095 4095,
	0 4095,
	"/>
</Transform>

<Transform dim="0"
 xcoef=" 0 1 0 0 0 0"
 ycoef=" 0 0 1 0 0 0">
<Contour name="bob001" type="line" hidden="false" closed="true" simplified="true" border="0 0.5 0" fill="0 0.5 0" mode="13"
 points="6.96572 6.23249,
	7.02438 6.21782,
	7.25902 6.29115,
	7.37633 6.33514,
	7.49365 6.34981,
	7.55231 6.33514,
	7.5963 6.36447,
	7.56698 6.3938,
	7.62563 6.37914,
	7.61097 6.34981,
	7.6403 6.32048,
	7.75762 6.33514,
	7.87493 6.32048,
	7.93359 6.33514,
	7.97759 6.37914,
	7.99225 6.40847,
	8.22689 6.43779,
	8.28554 6.42313,
	8.3442 6.37914,
	8.40286 6.3938,
	8.41753 6.45246,
	8.46152 6.51112,
	8.40286 6.55511,
	8.37353 6.58444,
	8.25622 6.59911,
	8.21222 6.65777,
	8.19756 6.71642,
	8.15356 6.77508,
	8.10957 6.76042,
	7.99225 6.83374,
	7.8896 6.93639,
	7.83094 6.96572,
	7.71362 6.90706,
	7.5963 6.8924,
	7.53765 6.87774,
	7.43499 6.77508,
	7.37633 6.74575,
	7.31768 6.76042,
	7.25902 6.74575,
	7.22969 6.71642,
	7.22969 6.68709,
	7.28835 6.6431,
	7.30301 6.52578,
	7.28835 6.51112,
	7.22969 6.52578,
	7.17103 6.51112,
	7.12703 6.46712,
	7.1417 6.34981,
	7.02438 6.27648,
	6.98039 6.24715,
	"/>
<Contour name="Bobs_Dark_Blob" type="line" hidden="false" closed="true" simplified="true" border="1 0 1" fill="1 0 1" mode="13"
 points="4.81557 0.826917,
	4.89664 0.697204,
	4.9615 0.632348,
	5.09121 0.583706,
	5.22092 0.59992,
	5.35064 0.68099,
	5.38307 0.810703,
	5.26957 1.07013,
	5.28578 1.19984,
	5.31821 1.2647,
	5.44792 1.34577,
	5.51278 1.37819,
	5.7722 1.31334,
	5.90191 1.29712,
	6.03163 1.31334,
	6.14513 1.42684,
	6.24241 1.68626,
	6.29105 1.94569,
	6.29105 2.0754,
	6.27484 2.14025,
	6.14513 2.23754,
	6.01541 2.20511,
	5.75599 1.99433,
	5.62628 1.86462,
	5.49656 1.78355,
	5.23714 1.67005,
	5.10743 1.57276,
	4.99393 1.44305,
	4.88043 1.18363,
	4.83179 1.05391,
	4.81557 0.924201,
	4.81557 0.859345,
	4.81557 0.843131,
	"/>
</Transform>

<Transform dim="0"
 xcoef=" 0 1 0 0 0 0"
 ycoef=" 0 0 1 0 0 0">
<Contour name="d01" hidden="false" closed="true" simplified="false" border="1.0 1.0 0.0" fill="1.0 1.0 0.0" mode="13"
 points="  5.305814135108277 5.215116457585059,
  5.345494369024686 5.227870818486762,
  5.371003090828091 5.244876633022365,
  5.397928963842796 5.26755105240317,
  5.424854836857501 5.293059774206575,
  5.446112105027006 5.318568496009981,
  5.470203675619111 5.339825764179484,
  5.497129548633817 5.356831578715088,
  5.539644084972825 5.383757451729793,
  5.549564143451927 5.403597568687998,
  5.558067050719729 5.424854836857501,
  5.579324318889233 5.440443500181805,
  5.590661528579635 5.470203675619111,
  5.607667343115239 5.499963851056417,
  5.609084494326539 5.525472572859822,
  5.601998738270038 5.550981294663227,
  5.582158621311834 5.576490016466632,
  5.569404260410131 5.607667343115239,
  5.572238562832732 5.634593216129945,
  5.586410074945735 5.633176064918644,
  5.610501645537839 5.620421704016941,
  5.6445132746090465 5.593495831002236,
  5.6742734500463525 5.549564143451927,
  5.695530718215856 5.5297240264937235,
  5.725290893653163 5.5070496071129185,
  5.733793800920965 5.495712397422516,
  5.732376649709664 5.484375187732114,
  5.7224565912305625 5.468786524407811,
  5.7111193815401595 5.457449314717408,
  5.691279264581956 5.457449314717408,
  5.667187693989851 5.456032163506108,
  5.645930425820347 5.447529256238306,
  5.643096123397746 5.434774895336604,
  5.631758913707344 5.405014719899298,
  5.628924611284743 5.385174602941094,
  5.620421704016941 5.352580125081187,
  5.619004552805642 5.325654252066482,
  5.619004552805642 5.294476925417875,
  5.61333594796044 5.271802506037071,
  5.610501645537839 5.249128086656266,
  5.609084494326539 5.232122272120662,
  5.592078679790935 5.205196399105957,
  5.5849929237344345 5.186773433359053,
  5.577907167677933 5.162681862766949,
  5.555232748297128 5.145676048231345,
  5.531141177705023 5.117333024005339,
  5.509883909535519 5.097492907047135,
  5.471620826830411 5.067732731609829,
  5.446112105027006 5.047892614651626,
  5.4149347783784 5.030886800116022,
  5.361083032348989 5.011046683157818,
  5.334157159334284 4.989789414988313,
  5.305814135108277 4.979869356509211,
  5.287391169361374 4.977035054086611,
  5.277471110882272 4.957194937128407,
  5.261882447557968 4.937354820170203,
  5.239208028177164 4.9217661568459,
  5.216533608796359 4.907594644732897,
  5.185356282147753 4.8764173180842905,
  5.16835046761215 4.860828654759987,
  5.147093199442645 4.846657142646984,
  5.127253082484441 4.848074293858285,
  5.105995814314937 4.855160049914786,
  5.079069941300231 4.862245805971288,
  5.066315580398529 4.877834469295591,
  5.047892614651626 4.883503074140791,
  5.042224009806424 4.907594644732897,
  5.02238389284822 4.9231833080572,
  4.989789414988313 4.937354820170203,
  4.962863541973608 4.957194937128407,
  4.928851912902401 4.967114995607509,
  4.901926039887695 4.97420075166401,
  4.877834469295591 5.005378078312616,
  4.860828654759987 5.036555404961223,
  4.842405689013083 5.067732731609829,
  4.849491445069585 5.084738546145433,
  4.855160049914786 5.103161511892337,
  4.848074293858285 5.127253082484441,
  4.8579943523373865 5.135755989752243,
  4.87358301566169 5.135755989752243,
  4.900508888676395 5.130087384907042,
  4.941606273804104 5.137173140963544,
  4.999709473467416 5.154178955499146,
  5.049309765862925 5.165516165189549,
  5.105995814314937 5.182521979725153,
  5.1513446530765465 5.199527794260756,
  5.1768533748799515 5.200944945472056,
  5.195276340626855 5.191024886992954,
  5.213699306373759 5.1768533748799515,
  5.232122272120662 5.17118477003475,
  5.242042330599765 5.183939130936452,
  5.249128086656266 5.202362096683356,
  5.263299598769269 5.213699306373759,
  5.278888262093572 5.21795076000766,
  "/>
</Transform>

</Section>