<?xml version="1.0"?>
<!DOCTYPE Section SYSTEM "section.dtd">

<Section index="38" thickness="0.05" alignLocked="true">
<Transform dim="0"
 xcoef=" 0 1 0 0 0 0"
 ycoef=" 0 0 1 0 0 0">
<Image mag="0.00254" contrast="1" brightness="0" red="true" green="true" blue="true"
 src="..\images\FWNGV.38.jpg" />
<Contour name="domain1" type="line" hidden="false" closed="true" simplified="false" border="1 0 1" fill="1 0 1" mode="11"
 points="0 0,
	4095 0,
	4095 4095,
	0 4095,
	"/>
</Transform>

<Transform dim="0"
 xcoef=" 0 1 0 0 0 0"
 ycoef=" 0 0 1 0 0 0">
<Contour name="bob001" type="line" hidden="false" closed="true" simplified="true" border="0 0.5 0" fill="0 0.5 0" mode="13"
 points="7.40875 6.91173,
	7.47088 6.78747,
	7.70386 6.58556,
	7.73492 6.57003,
	7.98344 6.69428,
	8.04556 6.70981,
	8.07663 6.72535,
	8.20088 6.64769,
	8.23195 6.58556,
	8.3562 6.5079,
	8.37174 6.44577,
	8.41833 6.39917,
	8.54259 6.35258,
	8.60472 6.36811,
	8.63578 6.36811,
	8.65131 6.30598,
	8.77557 6.25939,
	8.88429 6.16619,
	8.93089 6.1196,
	8.99301 6.16619,
	8.7911 6.38364,
	8.66684 6.4613,
	8.54259 6.5079,
	8.48046 6.53896,
	8.4494 6.60109,
	8.4494 6.66322,
	8.52706 6.77194,
	8.54259 6.80301,
	8.51152 6.83407,
	8.48046 6.81854,
	8.41833 6.8496,
	8.29408 6.95833,
	8.16982 7.00492,
	8.10769 7.03599,
	8.07663 7.09811,
	8.0145 7.14471,
	7.98344 7.14471,
	7.87471 7.26897,
	7.76599 7.51748,
	7.71939 7.56407,
	7.68833 7.56407,
	7.65726 7.59514,
	7.59514 7.61067,
	7.56407 7.61067,
	7.53301 7.54854,
	7.51748 7.53301,
	7.54854 7.50195,
	7.54854 7.37769,
	7.61067 7.36216,
	7.6728 7.37769,
	7.70386 7.37769,
	7.73492 7.31556,
	7.73492 7.25343,
	7.70386 7.19131,
	7.5796 7.17577,
	7.54854 7.14471,
	7.48641 7.14471,
	7.45535 7.14471,
	7.42429 7.08258,
	7.40875 6.95833,
	7.40875 6.92726,
	"/>
<Contour name="Bobs_Dark_Blob" type="line" hidden="false" closed="true" simplified="true" border="1 0 1" fill="1 0 1" mode="13"
 points="5.02724 0.930308,
	5.0988 0.787184,
	5.22404 0.697731,
	5.51029 0.64406,
	5.65341 0.697731,
	5.72497 0.751403,
	5.81443 1.03765,
	5.93966 1.18078,
	6.22591 1.28812,
	6.36903 1.41335,
	6.4227 1.48491,
	6.47638 1.77116,
	6.56583 1.8964,
	6.58372 2.03952,
	6.56583 2.11108,
	6.60161 2.25421,
	6.6195 2.32577,
	6.60161 2.39733,
	6.54794 2.451,
	6.47638 2.46889,
	6.40481 2.451,
	6.26169 2.36155,
	6.02911 2.09319,
	5.83232 1.80694,
	5.54607 1.6996,
	5.40294 1.61015,
	5.27771 1.48491,
	5.22404 1.34179,
	5.1167 1.19867,
	5.08091 1.16289,
	5.04513 1.01976,
	5.02724 0.948199,
	"/>
</Transform>

<Transform dim="0"
 xcoef=" 0 1 0 0 0 0"
 ycoef=" 0 0 1 0 0 0">
<Contour name="d01" hidden="false" closed="true" simplified="false" border="1.0 1.0 0.0" fill="1.0 1.0 0.0" mode="13"
 points="  5.246293784233665 5.307231286319578,
  5.285974018150074 5.31573419358738,
  5.31715134479868 5.31998564722128,
  5.349745822658586 5.31998564722128,
  5.378088846884593 5.308648437530878,
  5.403597568687998 5.2958940766291756,
  5.427689139280102 5.2958940766291756,
  5.456032163506108 5.3143170423760795,
  5.51555251438072 5.3440772178133855,
  5.562318504353629 5.36675163719419,
  5.599164435847437 5.382340300518493,
  5.636010367341244 5.397928963842796,
  5.66010193793335 5.413517627167099,
  5.688444962159355 5.423437685646202,
  5.716787986385361 5.430523441702703,
  5.738045254554866 5.4291062904914025,
  5.742296708188766 5.419186232012301,
  5.738045254554866 5.405014719899298,
  5.725290893653163 5.393677510208896,
  5.7111193815401595 5.378088846884593,
  5.701199323061058 5.358248729926388,
  5.694113567004557 5.339825764179484,
  5.6813592061028535 5.308648437530878,
  5.66151908914465 5.290225471783974,
  5.638844669763845 5.276053959670971,
  5.609084494326539 5.251962389078867,
  5.601998738270038 5.226453667275462,
  5.604833040692639 5.205196399105957,
  5.599164435847437 5.1881905845703535,
  5.5849929237344345 5.16976761882345,
  5.567987109198831 5.145676048231345,
  5.56373565556493 5.130087384907042,
  5.555232748297128 5.105995814314937,
  5.538226933761525 5.0734013364550306,
  5.5183868168033205 5.059229824342028,
  5.4886266413660145 5.042224009806424,
  5.470203675619111 5.0209667416369195,
  5.454615012294807 4.992623717410914,
  5.436192046547904 4.97561790287531,
  5.403597568687998 4.958612088339707,
  5.3738373932506915 4.940189122592804,
  5.31715134479868 4.916097552000698,
  5.287391169361374 4.916097552000698,
  5.246293784233665 4.9217661568459,
  5.226453667275462 4.918931854423299,
  5.200944945472056 4.9061774935215965,
  5.16835046761215 4.899091737465095,
  5.140007443386144 4.904760342310296,
  5.11875017521664 4.9246004592685,
  5.097492907047135 4.950109181071905,
  5.087572848568033 4.9656978443962085,
  5.076235638877631 4.988372263777013,
  5.057812673130727 5.001126624678716,
  5.040806858595124 5.005378078312616,
  5.028052497693421 5.029469648904722,
  5.008212380735217 5.057812673130727,
  4.977035054086611 5.0918243022019345,
  4.952943483494506 5.130087384907042,
  4.9430234250154035 5.164099013978249,
  4.945857727438004 5.195276340626855,
  4.951526332283206 5.227870818486762,
  4.957194937128407 5.263299598769269,
  4.96994929803011 5.280305413304872,
  4.995458019833515 5.302979832685677,
  5.012463834369118 5.31573419358738,
  5.037972556172523 5.31715134479868,
  5.049309765862925 5.304396983896977,
  5.057812673130727 5.287391169361374,
  5.076235638877631 5.276053959670971,
  5.103161511892337 5.283139715727473,
  5.123001628850541 5.2958940766291756,
  5.147093199442645 5.300145530263077,
  5.179687677302552 5.301562681474377,
  5.203779247894657 5.300145530263077,
  5.229287969698062 5.304396983896977,
  "/>
</Transform>

</Section>