<?xml version="1.0"?>
<!DOCTYPE Section SYSTEM "section.dtd">

<Section index="18" thickness="0.05" alignLocked="true">
<Transform dim="0"
 xcoef=" 0 1 0 0 0 0"
 ycoef=" 0 0 1 0 0 0">
<Image mag="0.00254" contrast="1" brightness="0" red="true" green="true" blue="true"
 src="..\images\FWNGV.18.jpg" />
<Contour name="domain1" hidden="false" closed="true" simplified="false" border="1 0 1" fill="1 0 1" mode="11"
 points="0 0,
	4095 0,
	4095 4095,
	0 4095,
	"/>
</Transform>

<Transform dim="0"
 xcoef=" 0 1 0 0 0 0"
 ycoef=" 0 0 1 0 0 0">
<Contour name="Bobs_Dark_Blob" hidden="false" closed="true" simplified="true" border="1 0 1" fill="1 0 1" mode="13"
 points="6.13927 3.72307,
	6.16207 3.6015,
	6.20766 3.54072,
	6.23045 3.51793,
	6.35202 3.47993,
	6.47359 3.39636,
	6.53438 3.36596,
	6.65594 3.26719,
	6.71673 3.2368,
	6.74712 3.2292,
	6.80791 3.24439,
	6.89149 3.35836,
	6.90668 3.47993,
	6.91428 3.54072,
	6.87629 3.66229,
	6.8231 3.71548,
	6.57996 3.78386,
	6.45839 3.82185,
	6.33682 3.84464,
	6.27604 3.85984,
	6.24565 3.85984,
	6.18486 3.82945,
	6.14687 3.76866,
	6.13927 3.73827,
	6.13927 3.73067,
	"/>
</Transform>

<Transform dim="0"
 xcoef=" 0 1 0 0 0 0"
 ycoef=" 0 0 1 0 0 0">
<Contour name="d01" hidden="false" closed="true" simplified="false" border="1 1 0" fill="1 1 0" mode="13"
 points="5.06233 5.28874,
	5.04388 5.27281,
	5.02208 5.25101,
	5.00867 5.23172,
	4.98854 5.20405,
	4.97177 5.19482,
	4.95751 5.17302,
	4.94829 5.14619,
	4.94494 5.12271,
	4.94829 5.09504,
	4.95332 5.07156,
	4.96254 5.04556,
	4.96925 5.0246,
	4.98854 5.00783,
	5.00196 4.99273,
	5.0137 4.97848,
	5.02627 4.95919,
	5.04472 4.93152,
	5.06904 4.90385,
	5.09168 4.88372,
	5.11097 4.87114,
	5.13529 4.85186,
	5.15457 4.83089,
	5.17218 4.79987,
	5.17721 4.78477,
	5.18895 4.77052,
	5.20405 4.75375,
	5.22501 4.74033,
	5.24011 4.72356,
	5.25771 4.70595,
	5.2661 4.68582,
	5.27365 4.6766,
	5.29629 4.67157,
	5.31725 4.67408,
	5.33486 4.68666,
	5.3466 4.6984,
	5.35583 4.71433,
	5.36337 4.73278,
	5.3684 4.75207,
	5.37008 4.77052,
	5.36757 4.78226,
	5.36337 4.79987,
	5.35666 4.81999,
	5.35583 4.83592,
	5.35918 4.85521,
	5.36337 4.8703,
	5.36505 4.88875,
	5.37595 4.90804,
	5.38937 4.91559,
	5.40278 4.93068,
	5.4053 4.9441,
	5.4053 4.95751,
	5.39524 4.97009,
	5.38601 4.98183,
	5.3684 4.99273,
	5.35918 5.00447,
	5.35415 5.02208,
	5.35499 5.04472,
	5.3617 5.07323,
	5.37008 5.10929,
	5.37847 5.14535,
	5.38266 5.17302,
	5.3793 5.20237,
	5.37427 5.22501,
	5.36505 5.25436,
	5.35583 5.28539,
	5.35415 5.30551,
	5.3575 5.33151,
	5.35666 5.36421,
	5.35834 5.39272,
	5.35415 5.41452,
	5.34576 5.43465,
	5.33235 5.44974,
	5.31725 5.45981,
	5.29964 5.46232,
	5.28455 5.45897,
	5.277 5.44471,
	5.27281 5.42459,
	5.25939 5.39524,
	5.24094 5.37511,
	5.21159 5.36086,
	5.18476 5.34912,
	5.15877 5.33905,
	5.13026 5.32564,
	5.10929 5.3139,
	5.0791 5.29461,
	"/>
</Transform>

</Section>