<?xml version="1.0"?>
<!DOCTYPE Section SYSTEM "section.dtd">

<Section index="27" thickness="0.05" alignLocked="true">
<Transform dim="0"
 xcoef=" 0 1 0 0 0 0"
 ycoef=" 0 0 1 0 0 0">
<Image mag="0.00254" contrast="1" brightness="0" red="true" green="true" blue="true"
 src="..\images\FWNGV.27.jpg" />
<Contour name="domain1" type="line" hidden="false" closed="true" simplified="false" border="1 0 1" fill="1 0 1" mode="11"
 points="0 0,
	4095 0,
	4095 4095,
	0 4095,
	"/>
</Transform>

<Transform dim="0"
 xcoef=" 0 1 0 0 0 0"
 ycoef=" 0 0 1 0 0 0">
<Contour name="Bobs_Dark_Blob" type="line" hidden="false" closed="true" simplified="true" border="1 0 1" fill="1 0 1" mode="13"
 points="6.3525 2.66063,
	6.38344 2.57813,
	6.41438 2.53688,
	6.49688 2.49563,
	6.57938 2.53688,
	6.62063 2.57813,
	6.79594 2.90813,
	6.85781 3.07313,
	6.88875 3.23813,
	6.89906 3.40313,
	6.86813 3.48563,
	6.78563 3.53719,
	6.74438 3.5475,
	6.66188 3.51656,
	6.62063 3.48563,
	6.58969 3.40313,
	6.58969 3.36188,
	6.52781 3.27938,
	6.44531 3.20719,
	6.40406 3.12469,
	6.37313 2.79469,
	6.36281 2.71219,
	6.3525 2.67094,
	"/>
</Transform>

<Transform dim="0"
 xcoef=" 0 1 0 0 0 0"
 ycoef=" 0 0 1 0 0 0">
<Contour name="d01" hidden="false" closed="true" simplified="false" border="1.0 1.0 0.0" fill="1.0 1.0 0.0" mode="13"
 points="  5.032144626634928 5.458967092050221,
  5.058978259038247 5.45645143901241,
  5.082457687391151 5.4514201329367875,
  5.111806972832281 5.448904479898976,
  5.127739442071752 5.448065928886373,
  5.151218870424656 5.4388418677477315,
  5.1688284416893335 5.426263602558676,
  5.18811511497922 5.42710215357128,
  5.203209033206086 5.426263602558676,
  5.227527012571595 5.417039541420035,
  5.245136583836272 5.41368533736962,
  5.267777461176573 5.410331133319206,
  5.294611093579892 5.400268521167961,
  5.3164134199075885 5.394398664079735,
  5.337377195222682 5.387690255978905,
  5.3600180725629825 5.374273439777245,
  5.370080684714226 5.3600180725629825,
  5.37762764382766 5.344085603323512,
  5.387690255978905 5.329830236109248,
  5.396075766104942 5.3206061749706075,
  5.4078154802813945 5.302996603705929,
  5.424586500533469 5.286225583453855,
  5.439680418760336 5.274485869277402,
  5.449743030911581 5.259391951050536,
  5.468191153188862 5.245136583836272,
  5.49250913255437 5.231719767634613,
  5.508441601793841 5.214948747382539,
  5.525212622045915 5.200693380168275,
  5.541145091285386 5.186438012954012,
  5.55791611153746 5.176375400802767,
  5.5738485807769305 5.1730211967523525,
  5.587265396978591 5.166312788651522,
  5.596489458117231 5.157088727512882,
  5.593135254066817 5.1478646663742404,
  5.588103947991194 5.1386406052356,
  5.573010029764327 5.115999727895299,
  5.562108866600479 5.091681748529791,
  5.536952336222367 5.0648481161264725,
  5.531082479134141 5.058139708025642,
  5.5218584179955 5.041368687773568,
  5.50592594875603 5.009503749294627,
  5.494186234579577 4.9902170760047415,
  5.474061010277088 4.970930402714855,
  5.449743030911581 4.961706341576215,
  5.423747949520865 4.957513586513196,
  5.4036227252183755 4.949128076387159,
  5.379304745852868 4.920617341958632,
  5.367565031676415 4.898815015630936,
  5.3600180725629825 4.885398199429276,
  5.361695174588189 4.873658485252824,
  5.370919235726831 4.854371811962938,
  5.382658949903282 4.840954995761279,
  5.386851704966301 4.821668322471393,
  5.390205909016716 4.802381649181508,
  5.390205909016716 4.788126281967244,
  5.385174602941094 4.767162506652151,
  5.382658949903282 4.745360180324455,
  5.378466194840264 4.733620466148003,
  5.372596337752038 4.723557853996758,
  5.3600180725629825 4.716010894883325,
  5.346601256361323 4.716849445895928,
  5.328991685096645 4.719365098933739,
  5.3189290729454 4.725234956021966,
  5.311382113831966 4.7344590171606065,
  5.299642399655514 4.736136119185814,
  5.288741236491666 4.744521629311851,
  5.278678624340421 4.752907139437888,
  5.271131665226988 4.752068588425285,
  5.254360644974914 4.750391486400077,
  5.241782379785858 4.758776996526114,
  5.230881216622009 4.758776996526114,
  5.215787298395142 4.754584241463096,
  5.202370482193483 4.751230037412681,
  5.18140670687839 4.749552935387474,
  5.156250176500278 4.754584241463096,
  5.141156258273411 4.761292649563925,
  5.132770748147374 4.783933526904226,
  5.128577993084355 4.8074129552571305,
  5.1210310339709215 4.8342465876604495,
  5.106775666756659 4.856887465000749,
  5.0858118914415655 4.878689791328447,
  5.069879422202095 4.887913852467087,
  5.065686667139076 4.9030077706939545,
  5.069879422202095 4.918940239933425,
  5.07994203435334 4.954159382462781,
  5.086650442454169 4.978477361828289,
  5.090843197517188 5.009503749294627,
  5.0858118914415655 5.036337381697946,
  5.0732336262525095 5.061493912076058,
  5.056462606000435 5.081619136378547,
  5.040530136760965 5.095035952580206,
  5.016212157395457 5.1084527687818655,
  4.998602586130779 5.119353931945715,
  4.995248382080364 5.135286401185185,
  4.995248382080364 5.1604429315632965,
  4.985185769929119 5.19733917611786,
  4.991055627017345 5.231719767634613,
  4.985185769929119 5.257714849025328,
  4.976800259803082 5.292095440542081,
  4.984347218916516 5.321444725983211,
  4.99440983106776 5.33486154218487,
  5.0027953411937975 5.357502419525171,
  5.006988096256816 5.375950541802453,
  5.016212157395457 5.3952372150923384,
  5.027951871571909 5.405299827243583,
  5.035498830685342 5.422070847495657,
  5.028790422584512 5.439680418760336,
  5.024597667521494 5.458128541037618,
  "/>
</Transform>

<Transform dim="0"
 xcoef=" 0 1 0 0 0 0"
 ycoef=" 0 0 1 0 0 0">
<Contour name="d01" hidden="false" closed="true" simplified="false" border="1.0 1.0 0.0" fill="1.0 1.0 0.0" mode="13"
 points="  4.417827186107518 4.130428920455819,
  4.38098125461371 4.130428920455819,
  4.357031399142735 4.124902030731748,
  4.323870060798309 4.123059734157058,
  4.288866425879192 4.126744327306438,
  4.274128053281668 4.126744327306438,
  4.252020494385384 4.112005954708915,
  4.226228342339719 4.106479064984844,
  4.202278486868744 4.110163658134225,
  4.194909300569982 4.130428920455819,
  4.191224707420601 4.148851886202723,
  4.176486334823078 4.169117148524317,
  4.150694182777413 4.191224707420601,
  4.132271217030509 4.215174562891576,
  4.13595581017989 4.240966714937242,
  4.154378775926794 4.274128053281668,
  4.172801741673698 4.301762501902024,
  4.204120783443434 4.345977619694593,
  4.222543749190338 4.375454364889639,
  4.252020494385384 4.393877330636543,
  4.272285756706978 4.408615703234066,
  4.310973984775476 4.417827186107518,
  4.344135323119903 4.454673117601326,
  4.386508144337782 4.456515414176016,
  4.432565558705041 4.452830821026635,
  4.469411490198849 4.441777041578493,
  4.480465269646991 4.421511779256899,
  4.487834455945752 4.397561923785924,
  4.509942014842037 4.368085178590878,
  4.519153497715489 4.357031399142735,
  4.5633686155080575 4.353346805993355,
  4.6002145470018645 4.351504509418664,
  4.635218181920982 4.353346805993355,
  4.67574870656417 4.355189102568045,
  4.707067748333906 4.345977619694593,
  4.743913679827714 4.316500874499547,
  4.780759611321521 4.294393315603263,
  4.826817025688781 4.312816281350166,
  4.861820660607898 4.336766136821141,
  4.87287444005604 4.364400585441497,
  4.880243626354802 4.406773406659376,
  4.891297405802944 4.441777041578493,
  4.913404964699229 4.462042303900087,
  4.939197116744894 4.480465269646991,
  4.963146972215869 4.502572828543275,
  4.983412234537463 4.5431033531864635,
  4.988939124261534 4.52468038743956,
  4.981569937962773 4.489676752520443,
  4.974200751664011 4.434407855279731,
  4.963146972215869 4.397561923785924,
  4.939197116744894 4.340450729970522,
  4.907878074975157 4.310973984775476,
  4.885770516078873 4.292551019028572,
  4.858136067458517 4.275970349856359,
  4.830501618838162 4.274128053281668,
  4.808394059941877 4.252020494385384,
  4.795497983919044 4.23175523206379,
  4.789971094194973 4.209647673167505,
  4.767863535298689 4.200436190294053,
  4.747598272977095 4.194909300569982,
  4.738386790103643 4.18569781769653,
  4.708910044908597 4.18385552112184,
  4.692329375736383 4.193067003995292,
  4.67574870656417 4.18385552112184,
  4.662852630541337 4.172801741673698,
  4.649956554518505 4.158063369076175,
  4.618637512748768 4.152536479352104,
  4.5762646915308896 4.147009589628032,
  4.535734166887702 4.13595581017989,
  4.489676752520443 4.130428920455819,
  "/>
</Transform>

</Section>